time_s,EMG_ch1_uV,EMG_ch2_uV
24.7015,-29.0302727142285,3.132175268559
24.702,-27.3244357862029,0.765708874516114
24.7025,-18.945586051629,1.47184318359522
24.703,-7.88355638580706,4.73490288050302
24.7035,3.46497044663831,0.830750456187632
24.704,10.1807777101322,-12.2459937632702
24.7045,10.3658053869479,-18.6556186940391
24.705,14.9560099452509,-5.8742477029605
24.7055,39.7708394122538,13.2716900579848
24.706,82.8166847987791,15.7623200849051
24.7065,118.336480614776,-1.16092640135063
24.707,120.964700554283,-20.4939706474675
24.7075,91.9012024341126,-29.7500038153888
24.708,55.191912898721,-27.3740342655559
24.7085,31.0742679823593,-11.7148356618402
24.709,20.070553985097,14.4897909100045
24.7095,12.718539718685,31.4356776843682
24.71,5.64151846123614,18.631906547135
24.7105,1.44693542296734,-12.7954516709599
24.711,-2.01620820491181,-27.4155126836145
24.7115,-10.8315216618425,-11.9066231318046
24.712,-20.3605730382488,8.12718545742477
24.7125,-11.3217387972191,7.86033364227582
24.713,29.4952130880034,-2.21669213139608
24.7135,87.9441119265297,2.58574817866592
24.714,132.418644902251,23.1550278196269
24.7145,145.868193713704,39.5356572717615
24.715,138.952653702755,41.2390904935749
24.7155,129.781535174215,35.6779381593101
24.716,122.054802422857,31.9124579391888
24.7165,110.146991727075,31.6687226629964
24.717,95.1835060646825,33.2059432444158
24.7175,82.2997451602721,32.198464059226
24.718,65.4516119700999,22.9487715513057
24.7185,30.5003087166771,8.20879030112563
24.719,-21.2525367068266,0.223954088919433
24.7195,-63.5149235195146,1.35699406488064
24.72,-69.8200135235256,-5.5999275137848
24.7205,-45.6185516943441,-32.2664108777855
24.721,-26.0296443818392,-60.1549360313131
24.7215,-37.7877112507055,-62.132905754291
24.722,-68.9619756288923,-41.7783108308807
24.7225,-83.2933672169044,-26.7246681038631
24.723,-63.0430456853659,-24.1642067491422
24.7235,-28.5472861148609,-10.6744316050458
24.724,-11.3153774858418,26.3194070981596
24.7245,-17.2039473330756,62.7713577784164
24.725,-27.5534646587374,69.1435611806764
24.7255,-31.5216220620187,48.7510636818446
24.726,-39.8547721917393,27.4483758499843
24.7265,-62.4323025332427,18.295414021837
24.727,-88.7370363614974,14.9827901175188
24.7275,-102.735585215446,11.6595782936987
24.728,-105.998912367713,9.86961313071264
24.7285,-110.706489587032,8.36727831261484
24.729,-116.012039911422,2.66713556737757
24.7295,-108.500024125207,-4.31241060977552
24.73,-85.2363855136612,-4.22213241516018
24.7305,-60.1140048807133,2.05075272664341
24.731,-44.3130348006947,2.44409120962207
24.7315,-34.7893754808036,-10.3968181022411
24.732,-26.9233359511445,-29.3551491044706
24.7325,-24.4658905984104,-42.0330844876896
24.733,-28.8326810791808,-43.7140043255915
24.7335,-30.958013135719,-38.6806331370538
24.734,-24.8814083651176,-33.4205130330547
24.7345,-19.9001891701474,-31.3205207457627
24.735,-26.334598286046,-32.1015548687051
24.7355,-35.7806902323338,-35.1924545455041
24.736,-29.9614877473122,-42.4537112019497
24.7365,-6.90701867981781,-53.6059423198034
24.737,15.4937067157373,-59.2076001603428
24.7375,23.2031133071998,-47.2644632089604
24.738,21.4111018117826,-21.7374753909654
24.7385,23.0070243003527,-4.19880831084508
24.739,31.5726530217929,-6.8683278826725
24.7395,40.5798162954462,-12.9433832763686
24.74,42.3779579957064,1.3186552434449
24.7405,33.8230842112997,30.398920522349
24.741,18.9320288251141,43.7473268033426
24.7415,9.24242647844867,26.5410788651495
24.742,15.2827496371691,-1.7474138798387
24.7425,34.1168658468462,-14.1166345977196
24.743,51.5773500369044,-5.07298358173776
24.7435,60.0950252029499,14.0595069699842
24.744,66.2840284408556,32.9394059034483
24.7445,76.0597322566319,44.1936976862852
24.745,83.0101673965892,40.7554223532927
24.7455,82.4657772148959,25.718218032505
24.746,88.0770611542019,16.8193693896423
24.7465,116.444632910781,26.5427162125988
24.747,156.117564554652,41.6429253883678
24.7475,171.284307929483,35.6699785061597
24.748,144.821531252181,1.64618221981935
24.7485,103.029696740421,-37.1267690300798
24.749,84.0154234646024,-49.3077973040427
24.7495,90.8905637381667,-23.3340880071066
24.75,93.5196465296441,23.8830258220301
24.7505,73.7383672586814,60.056042221741
24.751,48.9603997306684,63.30066178648
24.7515,43.1108882455276,41.6536022602576
24.752,48.8459915739138,23.7018991463156
24.7525,33.9685755327529,25.5424119209683
24.753,-18.0944978637041,34.6381773184776
24.7535,-86.5782498967578,32.8023527886616
24.754,-133.700453414949,23.1832766291039
24.7545,-138.886225890627,20.185087644598
24.755,-111.379373126557,21.9976107982281
24.7555,-76.9849864897334,13.3640862206559
24.756,-57.4690531805817,-6.88338143355783
24.7565,-58.4246013449572,-22.0401485164697
24.757,-70.4567552862829,-24.5314589823292
24.7575,-80.3828921409529,-27.5897832410357
24.758,-82.3689753908657,-42.5043656309024
24.7585,-79.1181023335317,-60.1098693304454
24.759,-75.054713593305,-64.4550040081837
24.7595,-72.5066594061176,-52.0885529734503
24.76,-73.8182295357797,-28.2124549907028
24.7605,-80.8445452669296,3.90535917342012
24.761,-89.4933871861816,37.5228911311567
24.7615,-90.2806897067337,56.5155125025335
24.762,-79.6819689121287,49.7658050360533
24.7625,-67.7145068736425,27.3923283496989
24.763,-67.908617624755,10.4281786414518
24.7635,-80.2973360467522,5.9046418046676
24.764,-90.083597418941,1.33064754514284
24.7645,-84.8327414214155,-17.5455470668145
24.765,-69.1520770573723,-50.7214951771984
24.7655,-59.6254307116543,-83.3735785214857
24.766,-66.3648052733563,-95.2538727692259
24.7665,-81.4510408842649,-75.1403794061146
24.767,-86.4465627523308,-33.9962746200057
24.7675,-71.2126950022101,-0.221939132040373
24.768,-42.9617819377183,6.58947691252295
24.7685,-13.8588584132192,-5.53926493127795
24.769,17.1160045826759,-15.4909391427664
24.7695,61.0800787985247,-16.5980748732457
24.77,116.310611542907,-18.0231696542334
24.7705,160.039064264999,-22.7136610656108
24.771,173.033984961726,-20.253374346543
24.7715,164.725204487313,-4.77540586393276
24.772,160.045855062127,14.1591797707984
24.7725,164.578771219615,25.672968638369
24.773,159.47680491046,31.7511560689762
24.7735,133.87104065757,38.4493988268697
24.774,105.037138756575,41.1842284627952
24.7745,95.3136974468379,30.1323829903949
24.775,100.692256317411,7.35814359894376
24.7755,97.2334865298403,-11.4224643719199
24.776,74.2359067056391,-13.0727783848659
24.7765,47.0312462926407,0.946960988777934
24.777,35.7218698415353,18.7882849526352
24.7775,41.4470204790721,28.8412502961157
24.778,47.3251324413546,26.1040267872764
24.7785,37.0502271525977,14.6202472716012
24.779,9.48783227649528,6.44263080798499
24.7795,-22.2596068861004,12.9269370803033
24.78,-45.0068783278483,32.0186525964843
24.7805,-59.6188764000619,46.6113624800618
24.781,-78.5471567040118,41.0423385367502
24.7815,-106.905005812089,19.4556236353382
24.782,-131.182924663005,2.86529958773923
24.7825,-133.60351606385,5.7043677463027
24.783,-114.262291209393,19.3335287782448
24.7835,-89.9498349023049,23.122271805156
24.784,-71.8269604451144,9.39814380049804
24.7845,-54.3375981349595,-8.82360219697048
24.785,-28.7635951202255,-15.2473794943053
24.7855,1.53586927586073,-8.47190581305779
24.786,25.2626001895522,1.08421139030423
24.7865,36.8816535724086,6.47517879699249
24.787,40.395352374784,8.76638204809372
24.7875,42.4122829081288,8.38944299448739
24.788,45.5932923161682,1.2311569269494
24.7885,46.9452419794153,-13.3349580679646
24.789,40.2488149904183,-27.0724091762494
24.7895,22.715617572493,-31.2867239633026
24.79,0.577289023449794,-27.3383319122979
24.7905,-15.5840119196032,-23.1407772825122
24.791,-22.0972107510079,-21.3314331059604
24.7915,-23.8785734326604,-17.8038547736016
24.792,-23.9956616910606,-12.0010195468969
24.7925,-19.3117017941644,-10.6538314705229
24.793,-10.2513929610347,-17.5224578952945
24.7935,-6.24139355476096,-26.177448626901
24.794,-13.8449760736885,-29.3067586861401
24.7945,-26.215417745197,-29.8886238933713
24.795,-33.6660551210233,-34.2406879249655
24.7955,-39.2469274770288,-37.3866368061832
24.796,-52.2400186484079,-27.7549403448022
24.7965,-69.4680508409001,-8.09695089389481
24.797,-76.9201470131714,1.70791253402671
24.7975,-70.6566567290935,-9.02195219176991
24.798,-61.9403390514384,-22.4646289536439
24.7985,-56.9667222820128,-11.3539658183195
24.799,-44.8070875902883,26.9036515189683
24.7995,-14.2204093130315,66.5330825936482
24.8,27.7540877983608,82.3289229615
24.8005,64.3984028000664,71.8035494951966
24.801,88.7065145717853,48.7448870224764
24.8015,102.682868600832,26.3288463986854
24.802,103.575727994705,10.6547169086396
24.8025,85.3118998471401,2.2359517263775
24.803,52.5201800932993,-2.26970778007418
24.8035,19.9633182678495,-5.9421478735425
24.804,-3.38005065975388,-6.38644995630619
24.8045,-18.180108267585,1.34359006444824
24.805,-21.8225329158178,15.2797299911012
24.8055,-6.34345670020253,25.181294897529
24.806,24.3614344541798,22.4933721217229
24.8065,48.7663201247307,7.43053420385845
24.807,50.6379671851254,-13.6673649905399
24.8075,39.2288025867541,-31.9519837201251
24.808,34.5239451245023,-37.9576555764818
24.8085,38.5074214008663,-29.251507334898
24.809,35.1169288002351,-17.8703363985601
24.8095,16.5802605897443,-20.2274757782743
24.81,-5.20429989405447,-36.0233614630631
24.8105,-17.218453565519,-46.7664888989654
24.811,-23.4555736494956,-39.5622655036995
24.8115,-37.2862445101113,-22.1340633318717
24.812,-62.0542600903153,-8.59375398547994
24.8125,-85.7948745014911,-1.52461305302574
24.813,-92.6427028512442,3.37457184090817
24.8135,-75.9896402757911,5.47715587789658
24.814,-42.8085773301815,3.17607482192603
24.8145,-7.33299952779924,1.29981137780279
24.815,21.3937816273974,3.08866503195341
24.8155,45.9969778585102,2.28000370956903
24.816,72.0830680519845,-4.61861577435382
24.8165,94.9178968244524,-5.84754744685228
24.817,101.675123067377,10.8459332962125
24.8175,88.0268263847204,36.5458615629934
24.818,65.085672591297,51.0602180192536
24.8185,46.2949005331056,51.6616208014267
24.819,33.5052313554953,53.9573488874987
24.8195,20.3537101002327,63.4719734863908
24.82,4.0510186022733,65.0411373976006
24.8205,-11.7649319571176,46.5471643475091
24.821,-22.9008918991651,18.0717665678757
24.8215,-28.7745845046966,-1.10771886528173
24.822,-31.8890897896644,-4.12963271929423
24.8225,-34.3684837129479,1.85412648854482
24.823,-32.6843976849271,6.71115268641773
24.8235,-17.9848551929214,3.87427941787369
24.824,10.8190896019286,-5.99032849768594
24.8245,35.6047162852018,-12.7934632139953
24.825,33.3990725706673,-6.97558499974571
24.8255,5.95535841935848,3.63186466995047
24.826,-19.0704941005603,-3.05122217205482
24.8265,-24.772118345348,-35.7944444210919
24.827,-28.2514394005489,-73.7148395855416
24.8275,-53.3797241397021,-86.1362725114205
24.828,-93.1466456954207,-64.0174441152811
24.8285,-118.945301289938,-25.5594798978141
24.829,-119.979688422012,3.89392909042622
24.8295,-111.274108887305,11.2242428569024
24.83,-105.043108388603,0.256669013841303
24.8305,-97.9561112894225,-15.1085185517993
24.831,-89.8965513500304,-23.6966305092682
24.8315,-91.0534192198799,-25.9759180129258
24.832,-100.368004895575,-27.9819364372268
24.8325,-98.0141460710883,-28.0791439843165
24.833,-74.1298921353678,-18.8613210308579
24.8335,-48.6731404885125,-3.3311039180371
24.834,-45.5132294329086,3.35151833756624
24.8345,-58.3638731381224,-5.29022280022597
24.835,-59.6951107253572,-15.2014353528341
24.8355,-34.7219190216683,-9.18305505099838
24.836,10.8184721437721,12.5277481835457
24.8365,69.05947871584,36.6453744062238
24.837,135.219059450433,51.9795458295104
24.8375,195.811379846163,51.49686304236
24.838,231.587468771856,30.9847291549967
24.8385,237.063440174447,-1.02781970027554
24.839,223.729499250869,-21.3859251357543
24.8395,201.283687052686,-15.819284627157
24.84,169.747179687536,2.46902091432288
24.8405,133.748652221737,13.3816683396661
24.841,108.269266803124,21.4491638206331
24.8415,99.4984914315218,45.7138826987116
24.842,90.4411431337354,81.2588301560703
24.8425,58.1251024992547,96.1797629116369
24.843,1.86351868735935,73.5052509562225
24.8435,-53.6476596501559,34.0005814990739
24.844,-81.3558657954798,4.46809524171293
24.8445,-73.3493842570726,-18.8166831711904
24.845,-43.9467400398251,-56.4533651599046
24.8455,-18.3328223425524,-105.655339114492
24.846,-15.9430701947791,-134.898557213626
24.8465,-37.5334610071106,-120.510259105609
24.847,-65.4921498544778,-73.93576791454
24.8475,-78.110676813464,-26.5471734673595
24.848,-65.312881555378,3.45604339405139
24.8485,-34.090781672091,20.5068688951004
24.849,-3.24810176371584,32.5320152448639
24.8495,8.5280572954832,34.7590274676183
24.85,-3.24711993768631,19.6362684872129
24.8505,-23.9603894776335,-3.61730605274922
24.851,-33.9485612617736,-12.9427995991005
24.8515,-28.7845542945056,-0.570676511809326
24.852,-19.738064611744,15.2954973545876
24.8525,-13.9477482327549,14.8619050751619
24.853,-4.79260958784358,3.83275504069291
24.8535,13.0564381896835,3.32397089956287
24.854,30.2153309525103,18.4436750549925
24.8545,34.5608757764206,32.6897778712241
24.855,28.9980541889973,32.6392891855558
24.8555,25.1223350902354,22.2843213615614
24.856,24.1319880387824,10.6784860519906
24.8565,17.781405472679,1.57576782415794
24.857,6.37696613751689,0.856112675671342
24.8575,0.774129550691371,17.7786418689549
24.858,3.98703756672936,48.0593099453468
24.8585,4.65857196233263,68.6254200167963
24.859,-5.67377725178373,62.7216154799192
24.8595,-21.1658594282748,41.8291347292079
24.86,-35.2492572948192,29.587692449959
24.8605,-54.0192297688691,30.5070376986164
24.861,-83.9338321901482,28.4787765030205
24.8615,-113.392238642648,12.2399299109311
24.862,-120.914451342398,-12.2575438487595
24.8625,-100.903486873979,-34.3167130143859
24.863,-70.0576681954655,-49.8547170915467
24.8635,-46.9899590297924,-57.847114517942
24.864,-34.8265194814554,-56.6290257349705
24.8645,-26.0961811094191,-48.3666961295716
24.865,-15.5847253371179,-39.6766582349829
24.8655,-2.90756079538358,-33.9263901787354
24.866,11.5084243076462,-28.604843738436
24.8665,25.9898172779119,-22.6491766029504
24.867,34.8610832951171,-20.053839999352
24.8675,31.4463255781787,-23.067307332865
24.868,15.0405252824546,-27.4163801004949
24.8685,-6.86619780131895,-27.9334837860007
24.869,-23.8739557545136,-24.5514275618774
24.8695,-29.6508363144447,-19.7197125570238
24.87,-23.7353402070107,-14.4630741485385
24.8705,-7.59260533285921,-10.496788802056
24.871,18.2541275823291,-11.7225530544097
24.8715,50.1592620585911,-18.8680039762216
24.872,76.2579383189556,-25.7687194730142
24.8725,82.4551075327732,-25.8688407647804
24.873,66.9528554262732,-20.2416103211649
24.8735,43.621362012541,-14.2659878325793
24.874,26.4147701228524,-8.22511130857451
24.8745,15.5904919294659,2.54998720729134
24.875,5.19454616003208,18.0563564281632
24.8755,-2.13593346305751,30.8464761563132
24.876,1.62302197269889,35.9562608063452
24.8765,14.4573542480109,38.5346136211487
24.877,23.4687722487671,46.8267462507198
24.8775,20.3271813081546,60.6017406630019
24.878,8.25509821526459,71.7707503407287
24.8785,-6.60876200700906,74.8013658873099
24.879,-20.0534759175726,70.9575836697886
24.8795,-24.6805743198591,63.0737350513945
24.88,-12.6768593769892,52.7490716760244
24.8805,10.8414248268826,43.5098134866614
24.881,27.7937447146287,39.462934312317
24.8815,27.1647857610899,37.9733006239858
24.882,16.8699006812427,30.7741195372128
24.8825,10.2613647306336,16.4467230278606
24.883,9.57806640985477,4.22297517812916
24.8835,8.11791439745119,-0.228026477163436
24.884,-0.915401280304674,-3.70770284377042
24.8845,-23.5395870231425,-11.0706908445657
24.885,-61.5734675369704,-12.0773482197446
24.8855,-102.385606629251,1.39921284801271
24.886,-123.893632989231,11.7790378714671
24.8865,-118.890232898299,-8.15239122797556
24.887,-101.719925643614,-53.6462394906512
24.8875,-80.805321680635,-85.9308915748829
24.888,-41.8230430788523,-82.1081822576841
24.8885,23.7723663717786,-66.065659108355
24.889,88.9068010866281,-72.0630571605856
24.8895,115.225284320124,-94.2474604238845
24.89,100.24936792493,-97.3158907387542
24.8905,75.5606425629847,-70.0684612739148
24.891,62.500778655832,-40.9947149214018
24.8915,56.0745521615353,-36.5972021601398
24.892,51.4449387644301,-46.9250673191725
24.8925,56.225972971073,-44.1208766863181
24.893,68.8966981382392,-20.8840906319841
24.8935,71.2800335389993,2.99243125407289
24.894,54.7282715514871,6.3690377276202
24.8945,33.5293558569376,-10.6480480607263
24.895,21.4845104539248,-27.5543102137588
24.8955,14.7442033814925,-22.2289731610831
24.896,8.93812798892073,7.9653715619167
24.8965,12.5844645624523,41.2352049377066
24.897,28.5089444498397,51.7250274752732
24.8975,40.317431833064,36.3853833290746
24.898,34.6755501277043,16.1323387292013
24.8985,22.1844724973509,9.90863327527049
24.899,19.0315811582299,16.5015994496413
24.8995,21.4061457444323,24.8240085598923
24.9,15.9072221836198,31.121939123233
24.9005,3.28653960339324,37.9407838375837
24.901,-6.89527372099572,44.1347835473514
24.9015,-15.1852311260022,46.1181033399011
24.902,-26.8005426247037,44.9726075336834
24.9025,-35.6125899898694,43.518778852521
24.903,-32.9629646310943,39.3859566698719
24.9035,-26.6883405002322,29.5771390736066
24.904,-32.8325748413204,19.8459970781574
24.9045,-51.9552371566419,20.4093997398468
24.905,-69.4047985790591,31.5865199989722
24.9055,-74.4527401782352,40.7461354441845
24.906,-64.0134814942402,35.5131122798384
24.9065,-34.1550769141294,16.0192949767904
24.907,13.6464863748657,-6.52122467778565
24.9075,61.9446143415512,-20.5993194927553
24.908,91.0515203544714,-24.5533844000592
24.9085,100.347776275311,-27.681601542143
24.909,99.3886417459712,-37.997309355561
24.9095,83.6360290827229,-47.4923968827596
24.91,40.650324112852,-37.849982129443
24.9105,-21.5864062301739,-7.40881481493669
24.911,-75.8216529436199,16.9222385876431
24.9115,-108.217849247808,8.1729317631613
24.912,-129.277676830062,-24.8013547385204
24.9125,-147.44272188598,-45.7079898119987
24.913,-152.507956143206,-34.961035725159
24.9135,-135.19990165344,-9.05732996065482
24.914,-107.425673278317,7.59910626754932
24.9145,-90.9411470565507,12.4089781126378
24.915,-94.4562761410586,15.8995861811614
24.9155,-110.192619463114,18.2611826420304
24.916,-126.580274922405,11.1795142533181
24.9165,-137.282225638783,-2.83256347394196
24.917,-139.55823495347,-7.79084783210448
24.9175,-126.528203915554,9.16631872294466
24.918,-84.6403158046187,46.9862813184955
24.9185,-8.64786605824003,93.8889103206847
24.919,78.308846430218,133.136751842507
24.9195,136.211433444119,149.508395918179
24.92,152.154022476971,140.418404150203
24.9205,157.439112278163,119.285095340987
24.921,184.683245020214,99.5534953440002
24.9215,225.774694945478,78.8950457952078
24.922,255.165770193109,49.6078356461725
24.9225,274.222370210639,19.6879870086447
24.923,296.526145604168,6.60010306985751
24.9235,303.321087728403,9.04064601797448
24.924,259.318946761695,3.55282251435035
24.9245,170.882781001516,-22.6099754464449
24.925,81.4602523513134,-51.4874361171198
24.9255,3.26563159661739,-60.5079076414373
24.926,-96.578205734272,-55.9590792111883
24.9265,-225.234796807423,-62.33254938543
24.927,-329.795149630641,-84.6175626672891
24.9275,-364.901506287468,-101.889252823071
24.928,-354.715311296324,-100.298236979897
24.9285,-350.737062616904,-93.2507519409228
24.929,-359.939294247048,-99.8919420534671
24.9295,-355.502435972378,-118.740738031705
24.93,-334.31184718542,-136.712713529924
24.9305,-318.111579039727,-153.750395113139
24.931,-308.499604390845,-179.251896505916
24.9315,-281.88375213031,-206.678434789264
24.932,-227.912339654833,-213.298960149438
24.9325,-162.243270502319,-192.746626422961
24.933,-101.667785261268,-169.480544215368
24.9335,-49.361906600589,-165.603423865666
24.934,-0.0728452159080139,-166.140760773104
24.9345,59.9259932485388,-138.229111431807
24.935,148.015907615347,-79.3818574255209
24.9355,258.678971801575,-23.1490806172319
24.936,354.271202235231,5.19931762554349
24.9365,406.736959179198,14.7147134927204
24.937,435.518399929755,22.4177933618777
24.9375,477.76580123989,25.8750143399842
24.938,535.639175361818,20.0534671340092
24.9385,583.331621417577,21.3541579639979
24.939,610.771137011212,49.4444057454998
24.9395,624.336874014059,96.3076917150367
24.94,618.310611373212,138.373060147084
24.9405,587.724449756965,171.31247998961
24.941,557.892461256429,206.437881325047
24.9415,549.66085789081,239.697592649612
24.942,517.502298067077,256.678715828886
24.9425,380.656697254077,266.701175664163
24.943,131.895536085492,293.704857205022
24.9435,-134.271732486322,325.16860295327
24.944,-323.46130195737,310.952387620145
24.9445,-427.594224229058,234.011497846516
24.945,-487.10601168985,145.554281128083
24.9455,-516.84625493389,98.9872815283295
24.946,-510.883344215716,79.7837593868364
24.9465,-485.237481443678,40.5935399750273
24.947,-464.831266860138,-17.6750019016915
24.9475,-441.420453435177,-49.8111698554397
24.948,-386.390126009433,-42.8447674212687
24.9485,-300.933838606097,-36.2962159728321
24.949,-220.195125216592,-57.1076473185406
24.9495,-168.583271167455,-79.1672778107882
24.95,-138.547102746338,-67.3732683499031
24.9505,-115.072952981406,-28.2475230614966
24.951,-98.0583024741042,6.10049774393797
24.9515,-94.7380989907104,19.1064338904013
24.952,-103.65009095937,12.8659263683538
24.9525,-110.040137321721,-8.45088070657304
24.953,-93.0919369864682,-35.3650849466394
24.9535,-44.7163323137729,-49.9160743978025
24.954,12.412649975945,-47.4873509739599
24.9545,37.1940058771628,-47.5579037556497
24.955,10.7369571303145,-62.1849551426293
24.9555,-46.1521951593421,-69.36096855448
24.956,-103.78253852182,-42.8218500053771
24.9565,-154.344766947299,3.84002234904383
24.957,-199.751742522024,31.3998564095232
24.9575,-231.226861263377,26.8050872460685
24.958,-243.818686434374,11.2831794911493
24.9585,-253.539396556901,-2.06522849019398
24.959,-272.536032747092,-27.6525975353395
24.9595,-280.610258464124,-75.7697338055905
24.96,-252.951319319341,-126.826315823047
24.9605,-208.24318178683,-152.196121797444
24.961,-193.851145622252,-147.089413605387
24.9615,-221.120159706433,-132.891181426594
24.962,-246.964215604007,-136.986146031398
24.9625,-226.279361760832,-172.667324664525
24.963,-153.407625031772,-222.359432026916
24.9635,-41.7913286195052,-236.814211779664
24.964,106.080414882949,-173.817586097295
24.9645,284.501354989573,-51.1958551990081
24.965,458.29286708642,57.9158269896283
24.9655,578.248459744639,100.023598752691
24.966,623.47592720873,94.7578475353445
24.9665,616.161550248833,93.1471679132875
24.967,595.39496925451,100.982285690346
24.9675,583.87724844161,78.3443889401655
24.968,577.29381025129,10.6821093307677
24.9685,557.97463561081,-59.9185727540296
24.969,516.702445573675,-89.6091245689134
24.9695,461.703455300659,-88.1036109507917
24.97,405.998861611434,-93.2430384199482
24.9705,350.848054244216,-109.668042143819
24.971,289.222304794161,-105.711712107593
24.9715,222.339446712021,-67.2264260619571
24.972,160.674268049785,-22.4996033275304
24.9725,107.347151137302,-3.71407144864372
24.973,53.2832795959973,-6.8541256207371
24.9735,-5.72106301636019,-5.49440812832349
24.974,-58.4512148171727,11.9140813005667
24.9745,-93.7394886932943,37.6640986035058
24.975,-118.755945045157,67.362246149936
24.9755,-151.099531900903,104.320725596808
24.976,-195.414111778138,142.757824507396
24.9765,-237.495096245707,167.422471484833
24.977,-262.788660899659,174.790683753548
24.9775,-273.992013519618,177.568479275973
24.978,-287.298442390865,181.455951044819
24.9785,-315.495805284067,174.386940954419
24.979,-359.092091223097,149.401367586346
24.9795,-411.724949278473,121.674934425838
24.98,-467.086527395652,106.467060453116
24.9805,-517.414611986621,93.5007272487547
24.981,-551.518112056099,64.808708726722
24.9815,-562.246628752144,29.4875530440044
24.982,-553.83939448616,13.7460466839106
24.9825,-534.122285974059,15.80495366312
24.983,-500.845584949039,-1.16916999061014
24.9835,-444.096071275606,-59.6800526228665
24.984,-359.360642322445,-133.555123161259
24.9845,-245.724723886075,-179.514186930332
24.985,-94.1603122223833,-186.629964371527
24.9855,101.24156799367,-174.872369973817
24.986,314.157001995879,-156.651502174432
24.9865,489.858599740156,-124.624220881403
24.987,592.912088318239,-76.1055356221775
24.9875,635.847460973171,-27.2018225905818
24.988,648.008304636082,4.34507954277782
24.9885,636.51964383251,17.1709069726839
24.989,598.493070270331,21.9250159926501
24.9895,550.889728426571,29.5704739789228
24.99,515.612134143286,48.1370894089152
24.9905,484.026396739779,80.2173011142913
24.991,427.606020167018,117.219288620865
24.9915,338.216542582714,143.766473967237
24.992,226.253147022715,153.339079988244
24.9925,86.0073523669848,153.375941946087
24.993,-93.5254368062519,151.210782158025
24.9935,-277.623607296132,142.673226339433
24.994,-392.539724983528,119.604027861738
24.9945,-406.311652689647,81.4079205498406
24.995,-367.182908069448,33.7628511422885
24.9955,-335.571191881355,-16.7727420937578
24.996,-311.696385443657,-60.7044102030171
24.9965,-264.528595858362,-86.2279054291961
24.997,-200.979724345138,-90.9312033906041
24.9975,-156.851217456138,-87.1157798299456
24.998,-132.579840652699,-86.1019345639386
24.9985,-90.0186780432627,-82.3448004660067
24.999,-17.4523436685495,-64.1294990834897
24.9995,46.8210916391472,-36.352043974828
25,70.2186629924198,-18.9489425946656
25.0005,69.0522386596104,-21.3029500481268
25.001,76.0080107998165,-30.414078582377
25.0015,93.1349186762941,-29.0840450196119
25.002,101.193000165717,-16.0532488421451
25.0025,94.2762257444274,-1.51597126691195
25.003,78.0729493911589,9.99114711599405
25.0035,47.3131760207647,23.3233935004821
25.004,-6.5641935231068,41.4497614025624
25.0045,-69.7481573766084,57.5304454753394
25.005,-113.887805329564,60.1744855689866
25.0055,-132.281781876949,44.6163041823613
25.006,-147.659076612694,18.0507435486108
25.0065,-177.595274102175,-5.8751780611402
25.007,-208.505374269404,-18.2741475767403
25.0075,-213.233973151597,-20.6913005742439
25.008,-183.520223359058,-20.3605906039797
25.0085,-135.538732092862,-23.4536350286192
25.009,-89.7240420755951,-34.7727943505854
25.0095,-52.874028903669,-58.2254771066701
25.01,-16.2908397555415,-90.5838169280641
25.0105,33.9421651449735,-117.956532471297
25.011,101.86212939296,-127.621191157903
25.0115,173.448233854231,-123.766119955646
25.012,227.230501533595,-123.357651934493
25.0125,254.683906508277,-134.910842471877
25.013,263.91641656837,-149.062120789649
25.0135,261.98147822272,-152.121581365402
25.014,245.033846287147,-140.810714008191
25.0145,212.979468006916,-120.451643869864
25.015,181.608149373359,-96.9563756936192
25.0155,165.907143668815,-75.6897392028914
25.016,158.203797102686,-61.2051764680835
25.0165,138.861862079098,-52.324954536639
25.017,105.242845498025,-42.89938361977
25.0175,72.692396861808,-31.7595637621606
25.018,47.3745538679366,-25.0176153159649
25.0185,18.1982152892861,-23.1404102263981
25.019,-18.9788310313874,-13.7320614710753
25.0195,-48.9857488905348,14.2565931678128
25.02,-60.6494146526796,54.4928302678927
25.0205,-66.5513984583395,89.8920185051544
25.021,-85.0290447057263,111.097713180841
25.0215,-114.061922277973,120.445807212235
25.022,-137.36342598426,122.284479940309
25.0225,-146.257918277503,119.390265917861
25.023,-141.275781694763,116.616398637611
25.0235,-123.968396036352,117.873845394018
25.024,-106.212877827529,119.095411502264
25.0245,-116.955377466092,112.111900043174
25.025,-173.21100857809,96.1518328601065
25.0255,-245.845335850065,79.0603556451697
25.026,-280.252491265847,66.8160245717619
25.0265,-256.858960932006,57.4869706788667
25.027,-209.955314987688,46.0734560896452
25.0275,-180.091677264375,31.6812274813892
25.028,-169.454730917792,20.8219357282865
25.0285,-154.8569311883,25.4108856886146
25.029,-123.851299294794,52.6811719925728
25.0295,-80.9026597684426,93.7080793559136
25.03,-32.6352680976681,128.792840344377
25.0305,13.7160185673713,149.118989073664
25.031,45.2291392932208,164.242911085954
25.0315,54.4168123686384,181.913196442345
25.032,52.8998275446255,193.866045968014
25.0325,61.584998912783,194.410884398295
25.033,89.2209770149957,198.832049201312
25.0335,128.601028408795,221.703286048675
25.034,167.90862439051,245.16801705163
25.0345,196.16835832162,233.908331994154
25.035,204.231010432144,179.640837310179
25.0355,192.212658922798,106.315566604126
25.036,171.467645351488,31.9250702518735
25.0365,149.084338247648,-46.1175874996101
25.037,116.883105053879,-122.925495727552
25.0375,67.6837637289079,-175.92062695384
25.038,15.1595299259819,-198.389210834372
25.0385,-18.1909110624756,-216.414147563126
25.039,-28.0134946104168,-251.819166284263
25.0395,-25.7140164657134,-289.835985740296
25.04,-12.1621005516306,-305.709150541647
25.0405,25.5343442041525,-303.716749598002
25.041,88.0514396129232,-303.399820183628
25.0415,154.303903245918,-302.686785591533
25.042,205.65226890379,-285.320969984982
25.0425,243.927270096316,-256.461535749361
25.043,276.920596173276,-239.203742002467
25.0435,300.882752598881,-235.99725581974
25.044,308.280698815298,-221.686889486744
25.0445,299.924717322548,-179.750087982591
25.045,276.860596575671,-122.505725572364
25.0455,231.668218959097,-69.2401467631677
25.046,162.363704001594,-23.9916789444474
25.0465,84.999577685358,17.8981459376153
25.047,14.4843697814849,57.7702992949459
25.0475,-60.5095131175052,95.5241507807685
25.048,-161.323139418809,130.938993933696
25.0485,-276.738629925032,158.83054243918
25.049,-358.881019030842,174.015699484251
25.0495,-373.032996477711,180.844659975821
25.05,-337.66161316165,183.538801627929
25.0505,-301.758262442379,169.711267143145
25.051,-290.986611643797,124.567498166734
25.0515,-289.808832341507,62.8344794246557
25.052,-271.575432909349,21.2568864599294
25.0525,-229.76551953538,10.0590512127315
25.053,-176.476861233545,-4.73619487342087
25.0535,-123.440620302617,-55.4788616065732
25.054,-74.2501503795678,-127.181000476149
25.0545,-30.5921040264161,-173.373555002611
25.055,2.26554133910711,-164.080472743055
25.0555,16.9783617522166,-105.424674857509
25.056,8.51406791155351,-27.7325246551626
25.0565,-20.997152634782,30.3948829599812
25.057,-58.4012061170686,43.4268779039668
25.0575,-82.792942703435,26.3955129891656
25.058,-78.4424352472248,29.6629259532071
25.0585,-46.6268720056291,83.6176024122486
25.059,-3.55565500639791,156.772099837491
25.0595,32.316220696933,192.213878798376
25.06,49.4484972083965,179.357466315376
25.0605,44.9226193259237,162.336107209269
25.061,26.2824039680504,177.27126196811
25.0615,13.1753771803291,210.109127808051
25.062,27.671885293383,226.154159409333
25.0625,74.0343534181182,216.578096963624
25.063,129.333636899135,197.733563478711
25.0635,160.401175400698,179.511027086939
25.064,152.161375303791,155.227634476754
25.0645,117.762997990482,119.771151550184
25.065,81.7222446118397,82.4784053094865
25.0655,56.4619464469321,58.2539610872593
25.066,36.6900133646956,51.7903202613669
25.0665,14.3667076742504,52.8417485106533
25.067,-5.68610582550682,45.867718949484
25.0675,-10.0176485386778,24.6786686757813
25.068,3.22242297396054,-3.03888197503771
25.0685,15.3571479721735,-27.7201226438073
25.069,6.0538886255366,-51.9788588332768
25.0695,-21.6281530692747,-87.2718586644066
25.07,-44.3916491487024,-137.43317353724
25.0705,-46.8055302756139,-191.906045345437
25.071,-35.296033797054,-236.189063753129
25.0715,-21.3999090712118,-263.935132397925
25.072,-4.81941437244884,-278.794310672762
25.0725,16.7592431709539,-289.781641599918
25.073,31.381364504139,-304.14891381127
25.0735,21.4590070188013,-318.339103415035
25.074,-14.0924110929769,-316.809131794271
25.0745,-58.4161896503937,-287.650084980878
25.075,-95.7910067843579,-239.079035462999
25.0755,-120.840804257775,-191.392915327353
25.076,-130.496809457827,-152.142724851015
25.0765,-121.174990321546,-110.166583651081
25.077,-97.6834148721069,-56.9979917340177
25.0775,-73.2416435340175,-2.48411805465016
25.078,-54.3007563831619,37.0721720074355
25.0785,-32.7165242941116,56.5879786976937
25.079,2.35152885818513,61.232968144097
25.0795,51.1721841592796,57.6496699209504
25.08,105.263491068057,55.3623762241491
25.0805,154.936767331392,68.1078701494726
25.081,190.766026400549,100.827014336439
25.0815,205.116696810118,138.853625886475
25.082,199.196189619679,161.472117088216
25.0825,185.596263217289,165.144100189099
25.083,179.750763149105,164.134299206594
25.0835,189.620517280565,169.733676252937
25.084,210.702881045872,178.732353030984
25.0845,223.365345329382,182.030943913644
25.085,197.830087158359,174.397256135785
25.0855,117.4100764446,154.426954970962
25.086,3.45642896771066,125.123064528918
25.0865,-95.1945768550948,97.7460668867999
25.087,-147.606420712287,84.8636306958002
25.0875,-167.15529125144,83.0560701006484
25.088,-184.416032803938,70.4709443343295
25.0885,-205.320550410909,30.610097013754
25.089,-211.175498223612,-25.0163679296691
25.0895,-192.72454692232,-65.9820526412696
25.09,-164.221315423039,-73.2574095940982
25.0905,-140.85917514362,-53.6075962218818
25.091,-117.619116624523,-24.7920976958964
25.0915,-78.7610453343855,4.8745926973466
25.092,-20.529693947071,38.5900218561069
25.0925,42.9922086066781,79.0958137103137
25.093,93.6376402414418,121.701276552543
25.0935,123.908320655385,158.660813043596
25.094,138.563221244391,185.681567120304
25.0945,144.325160253938,202.589006214207
25.095,140.907561463962,210.062104544696
25.0955,125.397667452589,207.486146795666
25.096,104.081939302188,193.34302705437
25.0965,91.9613271888951,167.335875514835
25.097,96.2363928441038,133.058049975411
25.0975,106.579444152498,97.9292072678213
25.098,107.415433679241,67.4512547073435
25.0985,93.958569855261,38.3204152337953
25.099,69.9430410864607,0.343230341426591
25.0995,37.368553879763,-52.1787300702353
25.1,-0.589651995086129,-113.599020618984
25.1005,-31.7832687640315,-174.847593724061
25.101,-44.2383167213438,-235.079828379398
25.1015,-43.6427643958371,-299.045411591484
25.102,-50.3041994149815,-363.664991517749
25.1025,-75.7347722268267,-415.570117796583
25.103,-109.806509872941,-445.769891791035
25.1035,-132.446191636864,-460.505748741341
25.104,-131.474494774571,-471.788675865149
25.1045,-109.736897087796,-481.210621344591
25.105,-83.1415481631823,-479.546747455953
25.1055,-71.3344008507013,-459.841216718739
25.106,-80.5609189024142,-423.656959832336
25.1065,-94.4595676236569,-375.027641490215
25.107,-91.1508035662162,-315.885685560275
25.1075,-70.9800703312207,-249.154720983666
25.108,-57.1967224416377,-179.199090017066
25.1085,-66.1958039880318,-105.584135812935
25.109,-87.9075285854054,-23.1276009212483
25.1095,-101.998029816261,65.318531202931
25.11,-104.876538720989,140.968148440711
25.1105,-111.413092760849,184.165795322487
25.111,-132.516526101867,199.245783024096
25.1115,-158.043582560972,216.752435627967
25.112,-164.48264287044,264.881447019514
25.1125,-140.005502517654,340.363476848554
25.113,-100.740226224993,411.141090333653
25.1135,-76.1310157727349,446.786083657526
25.114,-74.8251608989354,443.461331077864
25.1145,-74.0240619179807,420.494390660256
25.115,-51.1648907569138,397.856223693071
25.1155,-15.4359958729281,380.166199022873
25.116,8.06047788201426,360.386923643138
25.1165,16.4766419720757,333.9952087826
25.117,27.8539633335344,305.966250004539
25.1175,44.2015817349598,284.047643894474
25.118,44.7361859363003,268.449449657647
25.1185,23.7028968550138,251.469986271155
25.119,7.85833760100696,227.01870446985
25.1195,21.0825190205328,196.927606348253
25.12,53.8915113895895,166.289562143564
25.1205,85.6394374384173,136.271675236215
25.121,115.518446646482,105.572321789939
25.1215,148.834037729291,76.8436120005843
25.122,171.482546603979,56.1857089084858
25.1225,167.554195767427,45.785219838108
25.123,151.539855600488,41.4442462606921
25.1235,152.877176030087,38.2360737440108
25.124,173.076162231023,34.2999718239878
25.1245,186.783689400357,28.0259844907775
25.125,183.477367299143,16.4714126053175
25.1255,178.160903742261,-1.38380701301153
25.126,177.521529328509,-24.7323342989658
25.1265,165.142898071017,-56.5757916502839
25.127,129.264466816199,-103.376087096328
25.1275,79.2099083489941,-165.501425574599
25.128,24.2770784739353,-234.546740400644
25.1285,-36.1725703205552,-305.361719645431
25.129,-85.9143285476887,-383.176699740799
25.1295,-82.9510806309314,-469.835428845008
25.13,-5.12114559401733,-548.985268487486
25.1305,109.761663286246,-597.3033940549
25.131,195.771961723513,-608.941975037479
25.1315,225.236621013275,-597.65076712409
25.132,223.985451754213,-575.399011015062
25.1325,228.144378714086,-541.2327909275
25.133,247.87647429786,-492.52839387139
25.1335,270.52364768274,-433.548722965545
25.134,276.549923902043,-367.320258377533
25.1345,248.633230237835,-290.414762447184
25.135,182.820952536502,-202.658447981817
25.1355,96.4994469542398,-112.373499262966
25.136,12.6303780989372,-25.3038770397409
25.1365,-67.4403287807104,61.3205823415474
25.137,-162.926300074582,145.251940322476
25.1375,-281.34149036575,210.673377037422
25.138,-399.396552524583,245.775631644387
25.1385,-482.718836731895,261.397094338573
25.139,-517.291436001206,278.455875033701
25.1395,-517.87102409833,301.844785305581
25.14,-512.13486578441,321.393472195682
25.1405,-516.907203057805,335.939569523513
25.141,-520.184130961602,359.772014143963
25.1415,-486.197014522069,401.867209566039
25.142,-391.433295409243,451.353682932222
25.1425,-259.059808894511,487.932767021874
25.143,-143.498098988101,497.031312024874
25.1435,-74.8136023391707,472.390438902281
25.144,-33.1662976372216,416.274021726147
25.1445,13.3510176644612,344.017731555543
25.145,64.0069281333023,278.495179027779
25.1455,96.4529561010132,230.832004259686
25.146,108.946693749126,191.36833194186
25.1465,126.470872056697,145.46577441491
25.147,166.354333663034,92.308953626832
25.1475,218.795861025812,41.8463913175897
25.148,263.516211432733,-0.150757722767204
25.1485,286.61905532516,-34.616990806857
25.149,277.586530428653,-60.5539446732926
25.1495,231.628905315556,-74.1546784521559
25.15,166.797516760775,-76.9283020533903
25.1505,120.874528103381,-76.7224756187945
25.151,113.860969603941,-78.8282813238446
25.1515,123.510167868559,-82.1474669178849
25.152,113.518188684626,-85.9787631048375
25.1525,76.8206649292902,-94.0990830269737
25.153,33.2940007251968,-107.991306044601
25.1535,-6.89050774722662,-121.58355820227
25.154,-51.6145303296972,-129.981580112493
25.1545,-96.2275910690209,-141.198148066458
25.155,-111.370724797218,-169.885519110179
25.1555,-77.7363522272935,-216.303058667428
25.156,-17.7468851345533,-259.820222021978
25.1565,26.3489523454178,-281.098362420751
25.157,39.5733231295961,-285.356494024281
25.1575,42.7579318764088,-292.70545880855
25.158,57.220163964488,-307.779501664375
25.1585,79.3974857634075,-313.731751035187
25.159,95.3479074422442,-299.992358775758
25.1595,104.908483188595,-279.881096418655
25.16,119.21320760899,-269.622479664481
25.1605,140.648232483122,-263.434731305517
25.161,157.053589455337,-246.13212387955
25.1615,155.395672848197,-220.64001220739
25.162,132.379074808805,-200.981916517085
25.1625,89.7518768393515,-181.496402025616
25.163,27.540908217954,-138.766937846144
25.1635,-50.9649510884591,-70.0432593608348
25.164,-130.369945420201,-5.77625734586227
25.1645,-187.177484129321,29.450796140802
25.165,-205.926127208677,49.0031736620633
25.1655,-189.411254916731,79.541112317846
25.166,-153.377443274639,120.045532112768
25.1665,-116.332422675298,148.595934491502
25.167,-95.3640295256231,161.607240502937
25.1675,-101.414999909658,180.670839692432
25.168,-127.303678892291,219.456878245774
25.1685,-144.509909017153,266.418725843466
25.169,-127.11978668229,307.100974890536
25.1695,-83.2304341493238,344.813334892662
25.17,-49.6965850523734,387.877857501978
25.1705,-47.5485938053298,429.887367917449
25.171,-54.4802650690339,456.340209181944
25.1715,-34.7717478241281,463.653596867382
25.172,12.505008324773,459.235955697034
25.1725,53.5312469774275,446.441067958692
25.173,64.878186972864,420.825381180688
25.1735,57.3414629449768,381.034647279639
25.174,49.9556108682093,334.235501919418
25.1745,41.599923020651,288.612335919759
25.175,22.9557974050715,246.20740350907
25.1755,1.41140277536269,204.825038078996
25.176,-6.7291858558073,162.328049494779
25.1765,-3.58280765938418,117.10485404285
25.177,-9.49230949566451,67.9994749300589
25.1775,-33.9585188337407,16.2720259457855
25.178,-62.9723818835299,-34.3622897917804
25.1785,-80.2679113352497,-81.1217481870099
25.179,-87.41324470551,-123.661910373893
25.1795,-94.1785343177395,-161.300054120873
25.18,-98.5916350259826,-192.108207552887
25.1805,-87.242174276176,-217.850807742612
25.181,-51.537531825406,-247.004777424764
25.1815,4.72325196397551,-287.044938582821
25.182,72.5146406339865,-333.134987453279
25.1825,145.727669304459,-370.222340382942
25.183,221.38652839774,-389.591419185984
25.1835,295.164949181199,-398.522332989347
25.184,358.475631061301,-408.331012514736
25.1845,402.117430877362,-416.853770333224
25.185,425.82097692697,-410.900333258065
25.1855,440.894045419101,-385.104273163911
25.186,454.283729942593,-349.310050460825
25.1865,449.514174983616,-315.401540505115
25.187,396.254369257285,-285.879160117526
25.1875,286.461714881719,-259.601584686862
25.188,150.480937055279,-238.935195292796
25.1885,26.069218347676,-222.440593523386
25.189,-79.6134570408314,-198.059357464625
25.1895,-182.078572591779,-156.315829323563
25.19,-280.995578079672,-108.363208023191
25.1905,-352.887721785743,-78.7651202086687
25.191,-386.874738840149,-78.2606185382588
25.1915,-406.443475017721,-92.9418412801085
25.192,-440.995325970178,-102.622658761654
25.1925,-487.345839126469,-100.268244456035
25.193,-514.208561479301,-88.86149709293
25.1935,-498.116147227317,-68.8274723976974
25.194,-441.178764400992,-38.1272494590586
25.1945,-358.71330882563,-1.12648848069545
25.195,-266.130120038166,31.5204793627134
25.1955,-178.809404124286,53.370603183996
25.196,-108.966952685612,69.336967966407
25.1965,-55.0551067236331,92.1762496689488
25.197,-3.0802390097703,132.886442162344
25.1975,55.2112140150829,192.593881229864
25.198,111.658326128371,262.388720943011
25.1985,153.653627110435,332.719642831367
25.199,179.628668639465,402.356811681159
25.1995,196.154304129796,474.000050711708
25.2,205.194413337237,542.214577950115
25.2005,202.09213459931,594.103932360457
25.201,183.766952719365,624.13435460023
25.2015,152.691219092068,638.126480633138
25.202,114.967885713202,636.444820476635
25.2025,80.2363890548221,604.356465411846
25.203,60.0864987613392,531.265620039362
25.2035,57.4983454564648,431.685134968361
25.204,57.9221622494297,331.286921562188
25.2045,40.6296412958703,236.097307018405
25.205,3.35747838945049,133.944370403764
25.2055,-30.9051796367407,25.9726788788776
25.206,-36.8184243376591,-67.0685282657035
25.2065,-11.6029584061033,-139.736398231364
25.207,27.528005932323,-219.888776995688
25.2075,64.2792908608987,-329.295626268361
25.208,92.132074855848,-438.811463936922
25.2085,105.943228831257,-490.45659907315
25.209,99.3480004632326,-465.048229456425
25.2095,76.7034408153888,-404.911289321391
25.21,56.6813099322143,-362.315883854159
25.2105,51.8534192597958,-344.447341587681
25.211,49.0236971879063,-321.297149913994
25.2115,23.5632143583551,-272.778342169568
25.212,-24.9833005386025,-210.088415106961
25.2125,-64.7840109790094,-155.705492764349
25.213,-67.0135145436504,-118.225175760377
25.2135,-40.3804641538798,-88.859963157172
25.214,-20.2648768410915,-53.3334325463931
25.2145,-28.6344421226988,-4.64109816963378
25.215,-55.362761180703,50.9594342633787
25.2155,-75.5779498330836,99.6183624617751
25.216,-72.2972341306016,133.501646267819
25.2165,-41.8969145694297,155.763222594601
25.217,7.6552168602214,169.545253009506
25.2175,56.9710057777839,169.249424577502
25.218,84.435472643322,150.392211905802
25.2185,84.5036482907948,121.933847790869
25.219,71.3395692552792,97.4082416932289
25.2195,59.0264709387841,76.7146038480897
25.22,46.4376810660348,49.3469742661796
25.2205,28.4060854268403,15.5531279572961
25.221,11.0707259876398,-9.4314747583369
25.2215,3.28891815725411,-16.3373812652076
25.222,-0.342707911008286,-15.3071414489678
25.2225,-13.0602377270192,-22.1018596724836
25.223,-35.4876558449061,-40.0632919838169
25.2235,-56.0614189187702,-62.0819564209416
25.224,-70.5835802961236,-81.6608748105014
25.2245,-85.459663266213,-94.4967068730601
25.225,-99.0662529507451,-97.282819801989
25.2255,-96.0176950394255,-94.3310807622745
25.226,-67.7987416727426,-98.9387627457515
25.2265,-27.5581366751138,-117.664436395832
25.227,4.34425842103456,-137.919676622646
25.2275,21.5288640806492,-143.004594030154
25.228,30.8295442409744,-137.555206473202
25.2285,37.0168177083656,-145.362991357613
25.229,35.9025767836924,-179.052850486263
25.2295,19.5847669182443,-221.568042856642
25.23,-14.7182478410385,-242.741493021143
25.2305,-57.1840765519901,-228.48540023263
25.231,-87.4245297988907,-189.752754631861
25.2315,-92.8286718252237,-147.817291907306
25.232,-85.0065925425227,-115.8734447628
25.2325,-85.976084455494,-92.5596460116907
25.233,-96.431662022045,-67.8281084895896
25.2335,-93.0733855473464,-33.0244916434608
25.234,-62.1584275378461,12.8746132468388
25.2345,-17.8596691939332,63.1657958194637
25.235,21.9537353311455,106.53985576852
25.2355,59.3000884862636,131.907565875085
25.236,101.028558867,135.454811389709
25.2365,138.642474492914,124.53628895743
25.237,163.817406410896,110.098983368429
25.2375,189.253821468368,93.3185750482484
25.238,228.645308160794,65.1682695449059
25.2385,264.880737122571,22.7165917784247
25.239,265.374745168386,-19.4733478517934
25.2395,225.658129424227,-38.9268095677545
25.24,171.398328037589,-22.6779551452883
25.2405,117.87079952522,26.3113464169122
25.241,55.6439428977847,91.3419903809921
25.2415,-18.3678237914727,145.924607571459
25.242,-83.2772716129256,167.847577583287
25.2425,-120.26099001903,161.905231480643
25.243,-136.033157306368,160.74607317369
25.2435,-147.994866175003,188.601260334193
25.244,-162.781754017634,229.531862172941
25.2445,-181.239217681386,247.423800656334
25.245,-208.683641108183,232.926067421331
25.2455,-245.62122294866,210.93605880366
25.246,-278.056899785564,202.578649612341
25.2465,-288.160286562196,203.287403456575
25.247,-268.250358094277,204.805881266855
25.2475,-221.045471827926,214.898905715219
25.248,-158.561844515054,239.575565005286
25.2485,-104.083639192595,262.914211302254
25.249,-78.3021380181489,263.367084268404
25.2495,-76.4198513416153,239.63654903298
25.25,-74.9581512193174,203.308449565931
25.2505,-66.5429035092207,155.938385165079
25.251,-66.8415051576965,94.9316509606801
25.2515,-78.5573853083931,37.5248518981256
25.252,-74.9749154568179,13.7625580955876
25.2525,-37.5707153460459,27.6286652864825
25.253,13.2448003384776,41.7764690918392
25.2535,49.002070004128,13.4355978286362
25.254,76.106449830974,-60.209529148939
25.2545,119.703335406113,-139.709052177217
25.255,176.967904904437,-182.997472908895
25.2555,216.815365480842,-182.914748373199
25.256,223.465158226023,-168.104119492049
25.2565,216.553563376502,-171.986573403029
25.257,228.014378435202,-204.000257907129
25.2575,274.111779276238,-251.957906587567
25.258,342.590770600821,-306.578032628011
25.2585,391.167362110263,-371.492735777613
25.259,373.485182173246,-445.681352431059
25.2595,292.458256716773,-509.940851383137
25.26,215.502569233887,-543.214846185129
25.2605,204.397156019815,-543.413240098401
25.261,237.171632869202,-517.127132725107
25.2615,235.796413555875,-456.557873113847
25.262,169.125807565252,-348.6888900684
25.2625,86.8392304633326,-207.77385014139
25.263,43.363495757694,-75.1788867116076
25.2635,30.8227052795858,22.3443267846587
25.264,8.97292565717619,94.3665535249574
25.2645,-33.1257790608866,153.809678921356
25.265,-75.8336511492761,183.689326769847
25.2655,-108.285106078852,163.938883606677
25.266,-139.631361136621,123.300926831533
25.2665,-180.228660377613,132.115521312871
25.267,-230.844034434536,231.43862753846
25.2675,-281.115639986422,386.707340414497
25.268,-305.721010088671,522.898080179631
25.2685,-278.770182641115,591.276147011399
25.269,-210.321732278322,589.423142634685
25.2695,-152.299527963122,533.283905574917
25.27,-144.76805081835,436.688740835521
25.2705,-167.600862734715,315.749813669687
25.271,-169.042998799759,185.029925031908
25.2715,-132.934918551714,38.5395901582579
25.272,-91.404594831697,-143.543960984625
25.2725,-75.6718823366153,-352.158953568385
25.273,-82.5596895505963,-530.842226337027
25.2735,-92.9760991072701,-624.829427376767
25.274,-98.2607906374921,-641.381429038294
25.2745,-98.4466926386959,-635.82719636237
25.275,-93.0566014172683,-638.943754057175
25.2755,-85.7199667413903,-625.117166293044
25.276,-86.226127478744,-558.121878571238
25.2765,-97.5133271518561,-440.480253786198
25.277,-107.837474989639,-301.693054295512
25.2775,-103.159924771471,-160.585401348046
25.278,-81.5417285570746,-22.87947155602
25.2785,-50.518566410254,97.3968987556942
25.279,-17.191689469714,179.455354969706
25.2795,13.0927684980669,215.78073184239
25.28,34.0687121697257,213.751973999623
25.2805,42.3883598330037,182.351031056157
25.281,43.0149051470141,133.823754803299
25.2815,45.84322402226,92.0610534416278
25.282,56.2933411250946,78.0849083873736
25.2825,71.1202877779408,87.3439151392448
25.283,83.7834210032889,99.2738319192922
25.2835,93.059966082754,109.581873737741
25.284,104.951971030372,135.919551770403
25.2845,124.219366176678,191.466156929469
25.285,144.891463977956,271.390774146427
25.2855,153.851470533702,367.496494797083
25.286,145.981350780513,476.914626450907
25.2865,131.427952170806,590.626128772398
25.287,124.240826998547,690.409172785704
25.2875,127.250521064329,764.204568021109
25.288,132.074556702067,810.972842772546
25.2885,130.818695955038,827.409482241677
25.289,123.097426075312,807.9318922638
25.2895,113.439953437311,763.41685286406
25.29,105.81760544886,719.133700504015
25.2905,99.9124954453666,681.832279662306
25.291,91.296715884882,625.751364787113
25.2915,77.8163841887,525.899422583284
25.292,65.7573828545223,392.985308687455
25.2925,63.3239867676411,262.188852271129
25.293,65.9754697435982,157.486107884404
25.2935,56.6759763903821,77.1844561580765
25.294,26.327923871789,1.34810283583703
25.2945,-13.4455060765846,-99.3031373256874
25.295,-44.8958733192191,-247.90542980704
25.2955,-64.6173849829315,-436.830098672741
25.296,-81.3074829320934,-625.966270653867
25.2965,-100.181904450664,-779.835491440608
25.297,-120.566387802591,-898.584303981972
25.2975,-143.947216561905,-999.448758548549
25.298,-171.665141218763,-1079.6768938163
25.2985,-196.423906573383,-1117.61381551942
25.299,-208.366209040446,-1103.88352555298
25.2995,-209.656673756641,-1051.5163269898
25.3,-211.382811862429,-978.142055779227
25.3005,-214.93622007259,-896.490532425256
25.301,-208.867262675802,-820.270352683352
25.3015,-188.214066717733,-759.159817291668
25.302,-165.509024464981,-704.102802808898
25.3025,-155.314116191489,-632.856459864355
25.303,-155.674195533531,-535.102444385928
25.3035,-152.678716032129,-422.482044804789
25.304,-138.245698491499,-313.858391623003
25.3045,-115.556280195274,-221.839136375918
25.305,-89.2778841590047,-152.393661173579
25.3055,-57.4988792703623,-103.687522909954
25.306,-13.9345079853062,-63.8071013479602
25.3065,45.9166785693757,-21.7805540099868
25.307,120.986240732469,18.7636854904769
25.3075,203.076906971082,49.6531631865786
25.308,277.687979858106,81.1642722789337
25.3085,330.480800167917,138.106424867276
25.309,358.730137469321,228.291979838989
25.3095,377.503067891188,329.858766373216
25.31,408.632118229308,417.688547503001
25.3105,457.267070291548,491.155049752081
25.311,501.478964253859,567.969334347879
25.3115,512.691438789927,659.697152458856
25.312,486.843400213146,760.90335030646
25.3125,447.147187529272,854.908049699665
25.313,413.405039258929,922.22769056969
25.3135,377.173091343095,948.065674850584
25.314,313.117000766979,929.309135422163
25.3145,209.483409712522,874.959354247339
25.315,82.8618824969268,798.718410804969
25.3155,-32.4009432727961,711.608298651896
25.316,-108.344061212899,618.05146059002
25.3165,-146.991967972199,514.099760241507
25.317,-183.236318121536,392.921068292218
25.3175,-251.003387577189,258.309135064958
25.318,-339.702242263988,128.617289456702
25.3185,-399.919030046221,19.9861538460504
25.319,-403.978912576168,-68.8099678372374
25.3195,-383.131558290111,-146.550440222092
25.32,-384.909202160273,-214.129254783532
25.3205,-409.377097338475,-272.859202091453
25.321,-416.539520782396,-337.358323469497
25.3215,-389.285345604976,-416.807887528928
25.322,-355.19145294216,-487.316361726315
25.3225,-342.276274815855,-509.780772108734
25.323,-344.848071522031,-478.606911329454
25.3235,-345.292739398125,-426.230508137624
25.324,-343.292390690108,-371.102256731778
25.3245,-346.426718552589,-288.544872667647
25.325,-351.619376859799,-149.998616508263
25.3255,-353.56525955173,30.1097111103775
25.326,-356.303270917588,206.278963389768
25.3265,-359.90729931183,345.060500337763
25.327,-349.08931121433,437.705058963146
25.3275,-311.291116576686,484.269341396045
25.328,-254.17114738777,487.580838442635
25.3285,-189.553924660892,456.524847076363
25.329,-112.651826727084,397.520536668094
25.3295,-14.9611566090601,307.207880970178
25.33,93.7053509245656,186.254395531953
25.3305,195.733254218191,52.0905402427881
25.331,288.59026855141,-75.5335382010922
25.3315,376.604041462127,-191.364660061358
25.332,449.483704613768,-291.351167776198
25.3325,494.630654754016,-354.223530761813
25.333,526.629526765258,-358.164310629074
25.3335,576.888346434731,-311.157637137526
25.334,650.412285918285,-246.464705763175
25.3345,715.493614571363,-192.963341600142
25.335,739.965208368005,-166.625216258342
25.3355,715.683315043951,-180.392196150448
25.336,644.687545101734,-234.771842840206
25.3365,530.156445436702,-300.597175201746
25.337,393.534973443303,-339.948940424545
25.3375,273.543535302375,-351.076568070449
25.338,187.426293373102,-370.129402595616
25.3385,113.63111589245,-421.532352161524
25.339,35.5990379231991,-488.662615794315
25.3395,-18.0109136360247,-542.854252515054
25.34,-11.3186690158402,-579.174290290946
25.3405,29.6407403308026,-608.063000438935
25.341,26.9173917357213,-628.526080667554
25.3415,-59.051878075489,-628.458725336846
25.342,-180.033708050239,-602.781318561402
25.3425,-259.71097574065,-555.019192946564
25.343,-279.562054069328,-485.060916380409
25.3435,-280.174982331753,-388.781762597922
25.344,-292.583209498052,-270.201354845308
25.3445,-301.917778461296,-146.310002172706
25.345,-282.099353981109,-37.501503684184
25.3455,-239.401537300333,47.7914880031384
25.346,-207.742018586114,122.928167821047
25.3465,-215.120543479586,214.835042085262
25.347,-265.464893281927,335.882611301553
25.3475,-340.287305432994,462.960091299031
25.348,-404.784519219433,554.882068877783
25.3485,-423.500779524854,592.871397970939
25.349,-388.658744175411,594.518370369616
25.3495,-330.902682050742,588.249813166918
25.35,-288.270909594477,587.920978138034
25.3505,-266.451877728813,593.844981589514
25.351,-241.712472105115,600.460304977815
25.3515,-197.397895349844,594.366978954159
25.352,-138.457994560066,559.632437911495
25.3525,-71.1559092864203,495.852722589029
25.353,7.34115472704001,420.889781731377
25.3535,90.2940614936339,349.275693954601
25.354,153.673268680287,280.981740663806
25.3545,183.425178048467,218.055747256733
25.355,197.125849386329,174.876863716728
25.3555,222.548147797466,159.473533530569
25.356,264.765206956834,160.284468566085
25.3565,309.863423648365,166.72067315953
25.357,350.877149724722,189.221955587062
25.3575,389.932459394515,241.213466750431
25.358,419.688541970279,311.454818801071
25.3585,424.438125571486,372.35021858907
25.359,402.401539607386,408.762562456157
25.3595,370.176528531752,423.573995144561
25.36,340.736351486332,423.574131271543
25.3605,311.197304554536,416.27780973121
25.361,277.464955262518,411.560029876185
25.3615,246.544109831995,407.535679490834
25.362,223.212918740581,381.887288381028
25.3625,192.051364657097,316.249727814788
25.363,125.691275255552,222.636412226764
25.3635,14.6176969019887,126.023759385981
25.364,-114.343244411429,28.0921501846207
25.3645,-213.397706222806,-88.4487659932171
25.365,-252.098390262471,-224.93644907731
25.3655,-241.737816705657,-363.29920848723
25.366,-218.701186316174,-497.479515735767
25.3665,-205.720896857922,-641.012726966312
25.367,-199.357927569535,-797.861905302091
25.3675,-195.27983771425,-949.705222136708
25.368,-206.034015227105,-1079.18502083108
25.3685,-240.106328557455,-1183.63227474042
25.369,-278.990054129646,-1258.47314992524
25.3695,-296.695976727104,-1290.00421233011
25.37,-294.855707917768,-1275.17760175232
25.3705,-296.829128774565,-1227.44637325706
25.371,-310.811020892804,-1150.87626508136
25.3715,-322.256108606901,-1028.4766435161
25.372,-323.705816063843,-850.530849099319
25.3725,-327.257290641833,-636.412179376867
25.373,-338.960562164021,-411.956001974455
25.3735,-341.385224005542,-180.443922785473
25.374,-314.661446310655,66.2231409239661
25.3745,-261.9104089865,318.574840424438
25.375,-203.154303716776,548.105606822837
25.3755,-154.03557207111,726.72287453145
25.376,-118.588839768468,835.329120000561
25.3765,-92.8004305427501,863.36793842866
25.377,-66.5247326864641,814.752244151456
25.3775,-29.2261953266554,708.907237235803
25.378,19.5381599594148,567.068291171579
25.3785,70.5849835266264,405.812553034288
25.379,117.471556182395,249.063251768923
25.3795,159.944580505513,127.744863647192
25.38,195.024336148858,51.7132719885197
25.3805,216.537948966638,-3.32120993386726
25.381,225.40396703368,-61.7558647006867
25.3815,229.149460615413,-111.465855470016
25.382,231.022796990209,-120.637049675605
25.3825,232.005473904427,-83.0976118109129
25.383,240.998522102507,-26.2279056704542
25.3835,265.853285745946,22.6595898962351
25.384,296.831744831731,59.600014386822
25.3845,320.723537307289,96.3246698920876
25.385,349.472830319904,147.258395645872
25.3855,406.130849715623,224.535538634332
25.386,479.382766544825,330.741413849084
25.3865,526.509236132839,453.603576017295
25.387,533.97312712548,576.319653195877
25.3875,540.659705330427,690.998019881663
25.388,580.431361965484,793.370805531501
25.3885,632.371913329577,869.595191371514
25.389,652.28171305774,900.450469500077
25.3895,624.399573777488,877.347290989275
25.39,554.473950847141,807.318467946349
25.3905,442.087974288337,706.85445456406
25.391,295.855787140703,595.156455384336
25.3915,149.459178314384,482.429913397204
25.392,19.7660682410094,357.784069968536
25.3925,-129.942602867691,203.008532024441
25.393,-336.239017341243,27.2808498529535
25.3935,-558.536403844525,-130.865899476451
25.394,-708.89876405025,-249.667521706692
25.3945,-755.826390626475,-349.182016423368
25.395,-746.487835582284,-449.714197952842
25.3955,-723.50276486003,-530.748614459528
25.396,-676.344573149931,-562.409197590706
25.3965,-591.239642095094,-554.961590498634
25.397,-494.83201969954,-536.089196293604
25.3975,-416.184192749629,-495.790765778124
25.398,-343.950706345771,-404.344125634263
25.3985,-254.892697004982,-280.133175681135
25.399,-157.641694897888,-185.450930453183
25.3995,-78.65585532933,-146.379295515461
25.4,-27.5514430217302,-127.725501711662
25.4005,-2.48668851407388,-104.310270964434
25.401,-6.98471052406,-107.793043739652
25.4015,-33.7356656406389,-174.253026997744
25.402,-52.8407593338833,-285.726083191237
25.4025,-46.6998157169827,-397.91041125342
25.403,-40.784108011166,-494.924107557234
25.4035,-70.4120766593598,-581.575761054339
25.404,-130.447097402415,-646.306988878547
25.4045,-187.21697149391,-669.673371565631
25.405,-227.891496797185,-655.768057627941
25.4055,-264.850932528597,-623.955146368802
25.406,-296.790769056149,-580.066401634653
25.4065,-299.186478703394,-521.215156838589
25.407,-257.718267104683,-456.056151694478
25.4075,-186.743994530006,-394.159007797847
25.408,-109.854576804044,-327.055968551311
25.4085,-40.2143485546895,-244.857261925859
25.409,18.6236025759286,-159.996935391156
25.4095,69.7668741980169,-90.2316621680933
25.41,121.39148638712,-31.1880780525885
25.4105,172.413857337932,28.5646711908592
25.411,201.486266840963,79.7914686849692
25.4115,187.103933238399,109.986766423491
25.412,137.472900051493,135.588534181043
25.4125,84.5978194330382,182.370918013669
25.413,51.5795598055291,241.5144508587
25.4135,41.8835777456377,281.233639970975
25.414,54.0005477653338,299.506745858967
25.4145,82.7089503071754,329.498645989099
25.415,107.973676589939,390.746107133414
25.4155,110.291914014037,468.996095699859
25.416,102.52113861712,547.955623671434
25.4165,121.053035706446,624.714176269817
25.417,176.42406329008,683.744761375429
25.4175,237.668389215184,691.264069244894
25.418,279.726642121106,634.506940677094
25.4185,322.069814845291,540.098287839349
25.419,396.644495608834,434.480397202302
25.4195,493.069619656432,309.225999198461
25.42,564.749041873425,147.194064205179
25.4205,587.062593427815,-34.3764038815964
25.421,582.530555110112,-190.001455616762
25.4215,578.848328619351,-286.919151048062
25.422,562.70642367055,-324.163890908996
25.4225,496.378097208848,-319.681824594701
25.423,374.218942059216,-294.412655025421
25.4235,238.390524588426,-264.024450044284
25.424,127.781318128575,-231.722740995759
25.4245,29.5573834835276,-187.229821726858
25.425,-95.9845161895153,-117.568279928511
25.4255,-250.893048661599,-19.1463276784016
25.426,-390.510266631085,96.8751620236062
25.4265,-483.288316900541,202.543484462627
25.427,-546.024653412554,261.19558497622
25.4275,-600.973037399222,256.028548911018
25.428,-630.209674493964,215.92605138932
25.4285,-607.62132049385,198.356566557736
25.429,-555.312880334754,239.084288501765
25.4295,-523.527739100444,327.434026347925
25.43,-518.748725311124,430.766131674724
25.4305,-494.11272073676,526.596031587784
25.431,-416.529205338547,606.99664280978
25.4315,-304.663052588501,670.569861649533
25.432,-190.37950323458,719.752439114221
25.4325,-81.7815422969041,751.555766498644
25.433,16.7128720972579,743.421395557213
25.4335,84.1202512145143,664.439733278476
25.434,112.036397309546,510.752979064274
25.4345,128.981103895563,316.728317753348
25.435,165.945511884716,123.909028023432
25.4355,215.416035327017,-46.6650739754126
25.436,251.834397907007,-188.793241814674
25.4365,276.011007786836,-304.121230735796
25.437,308.441096545591,-414.098552662217
25.4375,349.02486452605,-552.113293957188
25.438,374.252236766199,-719.560314098111
25.4385,370.534107335149,-868.092480641277
25.439,344.019763122213,-950.988988070375
25.4395,299.961622892804,-977.832416154883
25.44,236.906119351805,-991.711494369449
25.4405,159.805737620199,-1004.83185695845
25.441,75.6971157294287,-988.594329406409
25.4415,-21.1484186368201,-922.973127390794
25.442,-133.450565239717,-823.809767350967
25.4425,-229.749266687145,-717.346830774726
25.443,-259.330552522544,-613.961531960092
25.4435,-210.307197371257,-513.151596751022
25.444,-130.824341994895,-411.694315989343
25.4445,-78.0174185320299,-299.861327873455
25.445,-60.8535220810075,-170.837751091911
25.4455,-46.1129102834743,-42.8243848189385
25.446,-8.01939043656732,47.9213393602313
25.4465,43.0531670041872,88.2172950811623
25.447,75.7891719250066,107.385947208757
25.4475,70.7972955453664,144.576751205828
25.448,38.7969682102106,209.582663020739
25.4485,8.8531698327841,286.301249703036
25.449,-3.97233517798029,360.859817439458
25.4495,-16.7534220481965,430.795388898423
25.45,-56.3925334971584,494.42399399521
25.4505,-121.106414251997,546.861354785388
25.451,-175.824403648971,585.754426917279
25.4515,-187.73020950731,611.675363132775
25.452,-157.074990467111,622.999474616225
25.4525,-112.944522071112,613.977893268893
25.453,-89.0914813680368,573.752763053303
25.4535,-102.17515004519,485.672667208705
25.454,-139.104001262042,338.501842871071
25.4545,-164.441747794975,146.684265532782
25.455,-154.802224939894,-48.8147393603931
25.4555,-127.403586475015,-208.880695751504
25.456,-118.80785402231,-317.525783832277
25.4565,-134.928350661133,-367.185212734355
25.457,-144.268078151783,-339.995617759707
25.4575,-127.384088720374,-228.813791220228
25.458,-108.142805562148,-71.5749142212557
25.4585,-118.930860992679,66.4214756107572
25.459,-153.858622196722,155.326459397514
25.4595,-178.59782844771,222.117706936288
25.46,-175.883409474188,294.435876300845
25.4605,-159.285843814233,348.354428905962
25.461,-145.455657168799,341.258320590071
25.4615,-130.520346908703,280.841387377618
25.462,-94.6436940331246,220.936378795259
25.4625,-19.8528983357457,186.614944874734
25.463,93.4054135527832,144.074243463647
25.4635,218.237435144972,62.5361113662426
25.464,314.480731179836,-30.8814637673501
25.4645,357.936339023146,-91.997156353309
25.465,351.068584047599,-130.519871089203
25.4655,302.916455076001,-195.027199884584
25.466,217.593206425157,-292.648313397519
25.4665,114.669649554421,-368.851112449321
25.467,36.7570755504158,-378.510821785011
25.4675,9.23113215404491,-340.447235109166
25.468,7.39844519408865,-301.799662720791
25.4685,-5.25604127966396,-277.833771452364
25.469,-18.113996407957,-253.299679669417
25.4695,9.15008900656935,-222.256804136216
25.47,76.2318313834419,-195.356795897781
25.4705,136.680770543677,-176.611318247135
25.471,171.520321075245,-160.877044269282
25.4715,220.239680491457,-152.796104711045
25.472,314.782814320777,-165.613447112921
25.4725,425.360158765389,-199.394770411799
25.473,506.255088616584,-237.305338895096
25.4735,558.888092294524,-264.031058550855
25.474,604.346471485119,-273.059573731027
25.4745,621.432646563153,-257.647809411634
25.475,569.449673826457,-213.047477323039
25.4755,462.615924123682,-150.730298845912
25.476,362.352305974907,-94.7822452147292
25.4765,288.349459862755,-59.1401013531155
25.477,192.20704091096,-38.730610344245
25.4775,39.7914984439821,-22.5254063047938
25.478,-128.86362050726,-0.548486072719458
25.4785,-254.697041736815,42.5428153283219
25.479,-337.972925684498,121.387474170208
25.4795,-421.914516565125,228.626461210755
25.48,-520.468906782761,333.277966688527
25.4805,-601.359613378925,409.5281265973
25.481,-629.894088395819,457.476380659255
25.4815,-596.626090735099,490.196909093538
25.482,-509.681975505044,514.691626708175
25.4825,-391.391477508074,536.150471468058
25.483,-278.857438814659,567.736987155179
25.4835,-198.731972640005,619.073931185329
25.484,-140.97560435054,679.177401993446
25.4845,-79.4793833773197,724.785526736241
25.485,-12.8601768535919,745.780930082122
25.4855,40.5945340180384,753.516694098885
25.486,80.4878918944998,765.249363801529
25.4865,123.333254714908,789.064855432622
25.487,165.556617989925,823.190549903849
25.4875,182.505608783736,859.195570547647
25.488,167.642989473847,880.022463714703
25.4885,136.880131995795,859.582241868589
25.489,87.6011874054767,772.150220774572
25.4895,-5.93136951099272,608.288994234489
25.49,-140.387528820184,385.27712552975
25.4905,-266.086518631187,139.915091118169
25.491,-346.088489814781,-96.8399776945101
25.4915,-397.345610982986,-323.403919716596
25.492,-444.260523609449,-563.263425742899
25.4925,-466.616624512711,-833.856836314425
25.493,-434.32886789804,-1121.98492937175
25.4935,-367.910843346597,-1391.72541925199
25.494,-316.803319453331,-1611.58487801914
25.4945,-290.300116585558,-1770.1308418198
25.495,-255.242725804904,-1871.48680206953
25.4955,-195.618806987157,-1923.90355716432
25.496,-128.162772168847,-1929.27767752713
25.4965,-57.7215486940097,-1873.67325186451
25.497,35.3348839135144,-1729.02094832657
25.4975,148.892921904217,-1477.6284162492
25.498,238.953884052653,-1142.25764392724
25.4985,266.709074790486,-782.76530949652
25.499,240.063745724087,-451.773801429219
25.4995,192.949632167333,-156.765953311145
25.5,148.763705994447,124.688180523149
25.5005,120.609480825034,397.000551656902
25.501,121.861203528973,630.93304670504
25.5015,151.915209965778,800.019337080201
25.502,185.542329437121,914.411050143119
25.5025,196.683373690517,1002.73583970782
25.503,185.05321625838,1070.67543158843
25.5035,167.768218751509,1097.71008957572
25.504,156.426613426965,1071.87937369592
25.5045,153.098279724177,1005.73185403282
25.505,154.914838479999,913.701722602034
25.5055,150.429379760986,795.500528956931
25.506,125.935261620701,652.771716372074
25.5065,89.9582195660307,501.976475504614
25.507,78.5295061976269,352.905793052004
25.5075,119.371228668889,190.380005321643
25.508,198.897634682944,0.90560116142556
25.5085,277.967899186852,-192.028581141146
25.509,331.635009605741,-346.451969860727
25.5095,360.394178332897,-453.914089482019
25.51,371.334816112247,-544.889347234232
25.5105,363.90444388801,-635.730857793654
25.511,331.334573974613,-696.762903149817
25.5115,266.988120200031,-688.554754756184
25.512,174.041168578091,-609.570086652281
25.5125,73.0450800335171,-487.548866491332
25.513,-12.568563365936,-338.504554042639
25.5135,-85.999549370763,-161.115224309674
25.514,-175.671268166653,31.0444481156528
25.5145,-290.581110255003,198.598901226422
25.515,-392.88090381599,309.768020538352
25.5155,-435.052319873323,372.099364090076
25.516,-414.679348055512,420.223089988012
25.5165,-372.446659315528,479.197118736306
25.517,-343.137829110392,549.366601272937
25.5175,-329.207576769381,620.973044740906
25.518,-317.153334315633,687.906517983523
25.5185,-294.763209330236,742.381075554657
25.519,-247.445413883305,769.408361770028
25.5195,-157.50012590877,762.782769447961
25.52,-19.8378251623882,746.564073583363
25.5205,145.954486576626,764.871730822723
25.521,302.517470571191,838.546033233513
25.5215,412.558965308703,937.108352330089
25.522,457.081682607202,1003.78232895234
25.5225,446.666901921771,1005.43939491072
25.523,413.906528982728,947.836707248196
25.5235,387.857123188802,845.143564720048
25.524,376.073795934539,691.646212571886
25.5245,370.727371090989,470.666199386003
25.525,360.799579123757,179.025583945186
25.5255,332.476721639671,-167.673529634872
25.526,269.901137567714,-543.919961747321
25.5265,165.190539200538,-912.995829753887
25.527,20.0610575158936,-1221.9067134543
25.5275,-162.532583896323,-1419.79858813293
25.528,-367.318491622676,-1493.42390268886
25.5285,-543.103373915905,-1474.96365827663
25.529,-625.657675151351,-1403.69852970034
25.5295,-609.425612815104,-1287.21628800146
25.53,-567.754277425215,-1115.24224452929
25.5305,-567.496664594499,-906.952130798364
25.531,-586.767401833357,-718.9964317559
25.5315,-558.346896143225,-592.610018428445
25.532,-473.784411721525,-509.915037825346
25.5325,-389.094466690994,-423.376571541974
25.533,-332.227485186047,-315.888190459147
25.5335,-264.876595278854,-201.319117890558
25.534,-150.458112237926,-69.8788662726743
25.5345,-9.43044319599219,122.217830317898
25.535,114.699274790254,383.211096639474
25.5355,201.448016495074,635.588216563726
25.536,242.371856626675,773.542292714631
25.5365,227.385292244959,762.967424612517
25.537,174.725074517878,656.709921264623
25.5375,138.652159893471,522.142329755299
25.538,148.894901831133,391.761102483703
25.5385,168.053660651823,282.629268388001
25.539,145.743811428627,214.229315661098
25.5395,92.4649901302188,180.174116576339
25.54,60.8183681384775,132.760210493371
25.5405,70.9281784313014,27.3075924649463
25.541,95.2925506008797,-133.137763261072
25.5415,106.806625178033,-319.868077462086
25.542,101.965018171645,-523.93146179981
25.5425,82.2326084263846,-744.660338530431
25.543,51.4267103784196,-945.324800056811
25.5435,31.7637184686772,-1065.10277826697
25.544,47.5975623718346,-1083.56915609346
25.5445,90.2018972190966,-1036.25849676459
25.545,128.412028696789,-950.04052138011
25.5455,153.972261029081,-799.528738220455
25.546,184.126579775878,-559.779268212339
25.5465,218.353691315285,-275.264179273377
25.547,228.278499562208,-27.5178737917163
25.5475,197.5825002231,163.426797810314
25.548,139.304467187849,356.95596022623
25.5485,67.769503604559,593.836301945351
25.549,-8.87901857744087,822.157173109429
25.5495,-58.1165478531659,958.139727868796
25.55,-31.3662840372908,996.250286076302
25.5505,67.9215040200133,1012.62943346162
25.551,160.825413298171,1064.17575868104
25.5515,176.074926681824,1129.53986817315
25.552,133.600259985334,1159.01352577766
25.5525,106.929931179284,1138.98848639088
25.553,120.130248157139,1081.78630369962
25.5535,126.425402226787,985.949009305414
25.554,83.9368798108355,844.347045696905
25.5545,7.89063096079713,675.845214066713
25.555,-61.4851309016892,513.934592797757
25.5555,-106.342159809053,368.482457901567
25.556,-130.574930537017,224.584698819535
25.5565,-141.635939413885,73.8071425502594
25.557,-154.985870158081,-77.6222803007487
25.5575,-195.573932827955,-224.797660654225
25.558,-269.134574945978,-362.305078362528
25.5585,-342.503900209204,-472.966155390117
25.559,-376.437196429921,-546.158255387875
25.5595,-374.348399155661,-599.365445075776
25.56,-376.379028328693,-646.60517563191
25.5605,-402.723266081529,-650.531786258616
25.561,-423.045497278657,-551.326963291658
25.5615,-392.487371330486,-352.712815230234
25.562,-305.384798505879,-136.129701336039
25.5625,-200.616966948907,28.4936483789527
25.563,-119.889502006176,145.662204556196
25.5635,-73.029500600175,245.314362446991
25.564,-42.3431473060008,315.020487374309
25.5645,-7.44493610828169,322.093063186848
25.565,40.5204812124422,272.427952560251
25.5655,101.483815554182,197.232053279095
25.566,173.569374212506,93.3863457017357
25.5665,256.302846729047,-76.6512848795326
25.567,349.329059656162,-324.623025535721
25.5675,447.542442132821,-610.775125971404
25.568,536.694566460634,-878.568500288835
25.5685,597.536091881615,-1083.98698164964
25.569,619.369598118926,-1193.14040457253
25.5695,610.15417011824,-1190.81116863092
25.57,590.654928789381,-1104.71799962925
25.5705,576.807481755013,-992.940852493526
25.571,565.529115757737,-892.241335138235
25.5715,533.850719601498,-796.602706625468
25.572,452.417398845238,-690.095377510461
25.5725,309.158587170983,-571.016152693006
25.573,128.58212548056,-430.329743329056
25.5735,-36.7310473778229,-237.922500985669
25.574,-147.693576453596,20.220216215905
25.5745,-217.769534642124,305.941163887851
25.575,-301.974286875082,557.058174269868
25.5755,-436.927588718039,745.64943942725
25.576,-593.810871945779,887.204838735554
25.5765,-699.801661788192,998.88237647562
25.577,-707.50674494978,1076.28853866198
25.5775,-635.539684450593,1116.12376199921
25.578,-538.943410857913,1136.47376525002
25.5785,-452.801256776257,1157.41731187572
25.579,-377.23875095717,1172.75612107971
25.5795,-307.049673790405,1156.22131109414
25.58,-249.238574254361,1089.93409964973
25.5805,-203.326566028942,973.060058553646
25.581,-148.304153418431,807.206431345939
25.5815,-71.0002200735197,592.343787079521
25.582,5.88971700814833,341.741550316972
25.5825,50.6840224443581,84.665458688695
25.583,72.8950250032847,-155.452881146755
25.5835,116.813851368959,-373.48697452358
25.584,199.325298202791,-564.717837041291
25.5845,282.503768933704,-711.504728917861
25.585,323.025579840418,-805.041344718194
25.5855,325.496221176702,-864.219218963932
25.586,325.841942006556,-905.789707346615
25.5865,339.22057915257,-906.648826846868
25.587,349.58461809683,-832.64390292803
25.5875,341.515721841298,-705.320967796664
25.588,317.183654830589,-597.191366074761
25.5885,283.505777568199,-542.681870298437
25.589,242.418457148022,-490.290979065709
25.5895,193.173605367253,-371.187290481346
25.59,127.47231878151,-186.72922586207
25.5905,25.566330728715,4.62254546283475
25.591,-122.023397895273,161.425931718852
25.5915,-287.00807202144,276.438441539526
25.592,-416.395530461801,334.557603618863
25.5925,-478.627763973589,307.290031804967
25.593,-484.30200681994,199.846428779175
25.5935,-461.378523969051,64.3754990015688
25.594,-427.301555412998,-51.9173022069733
25.5945,-388.169810989011,-145.185766409241
25.595,-345.529275381747,-226.08778131082
25.5955,-294.055759334003,-278.797923654371
25.596,-225.803025611492,-273.631690137407
25.5965,-145.581513057266,-208.50784077324
25.597,-72.0936380806415,-115.977264911639
25.5975,-18.1328451478077,-29.9799172941935
25.598,19.543865405033,43.4681238720965
25.5985,46.2610630277541,123.601182858245
25.599,58.7954744513031,228.259560981572
25.5995,55.7459719678767,347.921848218612
25.6,45.7275076818002,446.685724475299
25.6005,36.116620571329,496.2941406093
25.601,24.5419266711521,508.416097607419
25.6015,11.6196353028927,521.782772938911
25.602,13.0821689628127,555.207652891977
25.6025,47.922611834476,585.857094535221
25.603,118.977608179812,579.183514848279
25.6035,212.666785064929,528.016007566836
25.604,312.556110037393,452.402400631549
25.6045,405.888733681306,368.941052262602
25.605,481.423631085245,272.902135543842
25.6055,528.879210405532,151.903536745182
25.606,541.16957932354,10.574702050746
25.6065,517.28039878126,-124.244393558108
25.607,466.934441716932,-226.058585977864
25.6075,409.860628452521,-294.793181340229
25.608,360.093993570094,-353.929784755156
25.6085,309.252992373958,-421.35822998655
25.609,235.547816462278,-493.558361416368
25.6095,132.622735594425,-561.823000186591
25.61,20.1750970366688,-627.517309412057
25.6105,-76.5237401432527,-688.112631191305
25.611,-146.460420245523,-722.321185969098
25.6115,-187.85511099546,-708.783664982856
25.612,-195.51631229277,-651.283105156241
25.6125,-163.811761243652,-566.223635650862
25.613,-99.5575691338986,-454.398500930266
25.6135,-27.3822752357323,-310.651329765459
25.614,18.7261339333544,-156.961565178597
25.6145,15.9495428302987,-35.4820545556418
25.615,-27.6658118403881,37.4830675672412
25.6155,-81.5693260824917,86.5060524752865
25.616,-132.214245369372,140.733308141274
25.6165,-203.179575763546,208.234128375884
25.617,-315.635660827812,294.228847814001
25.6175,-438.774378513282,413.013739240157
25.618,-510.837952574373,558.104423880521
25.6185,-510.470087393831,681.014208891731
25.619,-476.605700859877,728.647000886657
25.6195,-452.765568624972,695.52103257727
25.62,-443.969005650452,616.662787916136
25.6205,-436.967131746685,512.89993671309
25.621,-425.780521798401,368.309365833412
25.6215,-399.418410634385,169.811289953996
25.622,-340.45496960132,-49.1953570540454
25.6225,-261.386124067703,-222.442265833204
25.623,-210.534015826521,-305.698245515543
25.6235,-212.736886515239,-305.060919845277
25.624,-233.779298153082,-248.161770725086
25.6245,-234.491056363491,-143.888971233943
25.625,-225.702848188548,11.8603929610998
25.6255,-225.620093823784,199.371696519554
25.626,-193.214874636634,373.038152912792
25.6265,-64.5193698600631,503.569362625878
25.627,153.770034798526,595.714468955378
25.6275,382.03565603256,649.238535407279
25.628,558.510889352052,631.505927460308
25.6285,683.507658475329,518.253660161699
25.629,775.878708623758,340.821168702354
25.6295,842.992681982904,156.305983809551
25.63,902.636113770418,-18.8795888614225
25.6305,975.43889512843,-210.777564690123
25.631,1033.56557570465,-431.866844513199
25.6315,1010.51113238158,-661.304718016075
25.632,890.287168505068,-876.035193930149
25.6325,735.064390345571,-1059.87529853093
25.633,588.045993520556,-1181.69282302054
25.6335,403.755392751874,-1210.37635119933
25.634,133.610100809662,-1160.76195547914
25.6345,-159.306179032444,-1081.78653380071
25.635,-348.102519045697,-986.588484990411
25.6355,-396.898940103452,-837.578407513745
25.636,-397.94155440872,-617.323223528842
25.6365,-442.584184781288,-369.735805388206
25.637,-515.502896152175,-147.44606853345
25.6375,-543.678457496904,41.0655301977408
25.638,-501.012897876608,208.704289061246
25.6385,-422.16361184126,360.417562015055
25.639,-340.883793081541,519.280120809325
25.6395,-261.200081372896,734.912198650481
25.64,-184.150231568507,1016.61806526941
25.6405,-124.754634300448,1287.55686189753
25.641,-92.9409900950702,1451.17488738711
25.6415,-81.121275927049,1481.82466687517
25.642,-82.2062756753618,1415.0543193525
25.6425,-103.760168209282,1283.20500819704
25.643,-150.699977976341,1108.34776071234
25.6435,-204.817161960984,924.486888905682
25.644,-238.990529487102,743.400110969521
25.6445,-249.84945184305,517.898632139256
25.645,-259.742488506921,202.717151435615
25.6455,-281.802176557129,-160.547441113077
25.646,-298.86034130282,-484.187034727473
25.6465,-289.018101918453,-750.943273736725
25.647,-259.909912158026,-1016.40418580872
25.6475,-238.42208493397,-1291.83927988238
25.648,-230.731457088913,-1504.40256449818
25.6485,-214.220118200462,-1598.36591472524
25.649,-172.668008230874,-1602.52421737075
25.6495,-118.605173231407,-1555.370363322
25.65,-70.2913806328915,-1424.38227736477
25.6505,-24.2619268617369,-1156.00553740261
25.651,33.4449301310092,-768.546301103928
25.6515,101.350111867101,-342.421288868057
25.652,166.411064510557,59.8822577155363
25.6525,227.139385602937,421.448294554647
25.653,294.096883421489,740.021874407051
25.6535,367.980482844952,1014.67118619584
25.654,432.682012755945,1252.96512255895
25.6545,473.112048850609,1452.13592122508
25.655,490.095930035123,1576.02690834082
25.6555,496.212003258549,1580.07777330184
25.656,503.731612216621,1455.70054706649
25.6565,514.158701860764,1227.87005643125
25.657,511.263572269478,920.147896545077
25.6575,468.519007040747,549.827514657931
25.658,374.755323311916,148.304316379021
25.6585,250.160900659966,-246.260453371644
25.659,126.172479778151,-616.550267935293
25.6595,13.6593206441629,-959.940033581798
25.66,-95.4534002942824,-1254.25406554981
25.6605,-200.323922827054,-1455.9416566451
25.661,-286.101093404591,-1539.07564737776
25.6615,-348.960291076142,-1517.42665056127
25.662,-404.330917744447,-1422.63893003588
25.6625,-459.845855303386,-1276.37508190719
25.663,-496.979118643582,-1087.56903439359
25.6635,-492.959916068369,-860.053475382393
25.664,-448.962486966305,-594.050779989133
25.6645,-383.240090198923,-290.446876523781
25.665,-306.100160533606,38.057885942436
25.6655,-216.658540719079,363.524998683082
25.666,-119.098372180136,653.649342672083
25.6665,-28.001355718441,886.525774001535
25.667,42.3142835669787,1060.67003294606
25.6675,86.1566040474067,1195.21038887096
25.668,107.001014716818,1312.32435380547
25.6685,115.271744456345,1410.44536715795
25.669,119.428819035908,1460.4910268708
25.6695,113.184133502109,1436.7737341936
25.67,81.444075211642,1344.44727264671
25.6705,28.9015796552476,1207.77174305448
25.671,-9.35879790451002,1042.1305812717
25.6715,-3.75592144898849,851.785509901967
25.672,29.9988858987764,644.944617653491
25.6725,48.6064779113538,430.371930635445
25.673,39.1837366797388,202.928271196431
25.6735,38.1757232409327,-45.5600355892321
25.674,84.2708997977493,-297.933514751217
25.6745,169.069880407385,-512.732383792057
25.675,247.78504424613,-661.513957759764
25.6755,290.840282278741,-754.992012999282
25.676,312.062390380002,-829.050876816446
25.6765,344.442711490439,-914.635882405095
25.677,392.280663753261,-1020.21862691023
25.6775,412.243027442337,-1127.02618226089
25.678,352.113639887952,-1194.97527137624
25.6785,215.241667903239,-1185.98210988528
25.679,73.15498042373,-1090.04695420307
25.6795,-6.91800808004566,-923.415465732303
25.68,-42.1391660353216,-704.137438796025
25.6805,-114.265563340425,-447.581310924766
25.681,-263.364380972406,-190.458141803105
25.6815,-428.614856384448,6.30339189879448
25.682,-513.017248036044,104.805542726545
25.6825,-487.822773815168,136.217603697238
25.683,-411.230428740133,178.664366025928
25.6835,-356.347307983737,281.879911095261
25.684,-343.344020973703,419.978057707235
25.6845,-335.83376838628,517.483810085827
25.685,-282.557436212646,512.41796081726
25.6855,-165.027725668354,395.670682317865
25.686,-21.9796094788503,206.145229884472
25.6865,76.1691017819984,1.08898899795987
25.687,95.2111331919914,-173.190319911312
25.6875,77.1058185661481,-295.022089745514
25.688,92.6778437421659,-360.595058691363
25.6885,155.630630213225,-367.305470784345
25.689,206.542638251044,-310.258195547783
25.6895,187.038614229045,-200.644950155734
25.69,107.287592826904,-80.1707665144514
25.6905,29.0140905033841,1.14028340616204
25.691,0.481715875137039,31.3197424758957
25.6915,23.5190950719071,50.8137317463511
25.692,70.4782835938116,107.232618013074
25.6925,112.834706830019,200.430307430232
25.693,134.733419618699,287.020768237947
25.6935,133.873552319721,335.60237714448
25.694,116.439112501193,354.623242381176
25.6945,90.3982670335488,358.977011593937
25.695,63.0112588482152,336.724713174921
25.6955,40.5232325300143,276.472907711643
25.696,22.6224590970034,215.230347895462
25.6965,-0.780786979967883,222.602136928524
25.697,-35.6058685426553,326.033376435416
25.6975,-65.1354452977158,473.048315926067
25.698,-59.2948858986606,580.18047688495
25.6985,-8.75277824456633,602.26867901041
25.699,61.6401929135235,540.560568854997
25.6995,120.877264352051,405.924589075178
25.7,162.226305408013,209.145156473804
25.7005,196.29274015927,-12.6268050950231
25.701,224.548735812665,-193.740058150445
25.7015,234.507379826281,-286.443577384582
25.702,217.632931718329,-300.365708989295
25.7025,178.997053866087,-284.696576740014
25.703,127.961955740996,-281.219351245357
25.7035,68.2836951653772,-304.579221373915
25.704,0.563321028416959,-351.076032813468
25.7045,-71.0232324329822,-400.247668747357
25.705,-139.759282680158,-411.506337865397
25.7055,-204.50504085395,-348.742092402468
25.706,-271.586847377343,-219.535280705728
25.7065,-340.495215175445,-70.9542826987004
25.707,-388.494710436223,62.9688314134338
25.7075,-385.536387221021,187.307833089624
25.708,-335.817815343009,305.013343918942
25.7085,-289.228734161011,377.796380792581
25.709,-289.325277295621,364.211012182927
25.7095,-318.15660442969,285.384149163191
25.71,-318.754921826231,211.484117804213
25.7105,-267.502700059462,178.108640885987
25.711,-191.958005400139,153.824396249679
25.7115,-116.770935533194,103.364458580451
25.712,-33.7218266217445,43.3310765615932
25.7125,59.236683298407,6.2105014502402
25.713,130.54334082312,-19.3078149401436
25.7135,156.46552708679,-69.5263070961423
25.714,158.391520385164,-142.30339070738
25.7145,165.000475828414,-198.100815682554
25.715,164.721406255483,-224.499765146906
25.7155,135.365704076703,-255.795256722958
25.716,97.9083314427791,-314.911329890015
25.7165,93.5612930510145,-374.773763561821
25.717,121.464800768477,-403.818409068225
25.7175,149.384585034633,-421.64550649088
25.718,178.374670309587,-473.737133733217
25.7185,239.473949496385,-561.931735405675
25.719,320.517868370802,-633.718914090698
25.7195,355.440757242615,-642.755378796381
25.72,310.525566329616,-594.729924118998
25.7205,234.34693490415,-525.582223037074
25.721,191.644660258849,-452.799074944576
25.7215,184.904361996852,-360.675456724102
25.722,173.785887224843,-226.807593382879
25.7225,140.300852273573,-55.6811324688391
25.723,97.6262992699841,113.442463144434
25.7235,56.1246581069476,235.216000506008
25.724,15.7347667441442,301.249027760346
25.7245,-23.3514265786995,349.877639341195
25.725,-72.569224130199,422.577251786449
25.7255,-160.287221628695,515.591065254448
25.726,-291.370645630276,589.986303909958
25.7265,-414.36814091401,626.140346421582
25.727,-465.158586989812,646.406819151403
25.7275,-437.93452228099,679.327952752018
25.728,-381.193793135937,723.834627905475
25.7285,-329.490171867896,760.827368913743
25.729,-274.578764058457,781.105691768783
25.7295,-202.991906406365,785.484163511597
25.73,-123.072995519642,772.139530038851
25.7305,-43.648993370424,741.351274105595
25.731,41.7302718571413,699.574472017864
25.7315,131.488985577922,640.022505939681
25.732,199.992906646458,533.390751652795
25.7325,224.198671017347,362.631426711392
25.733,213.186851963947,156.174075460774
25.7335,196.802213828293,-42.301794964932
25.734,194.595138586271,-229.20026826703
25.7345,205.63244645552,-430.824792777466
25.735,217.304582796348,-639.815193757218
25.7355,212.125435284161,-805.396962852178
25.736,174.218109687466,-900.925882644467
25.7365,101.600552643275,-959.797996187348
25.737,9.19363414508743,-1017.37293988638
25.7375,-87.4081706878602,-1052.83963956221
25.738,-186.139265440927,-1028.01880547044
25.7385,-287.644563768567,-959.371585265916
25.739,-372.873438923955,-902.002639909577
25.7395,-403.567795902007,-867.220673236819
25.74,-354.996013572924,-803.706272293815
25.7405,-248.489429440216,-672.391529144958
25.741,-141.257453081994,-502.136415818909
25.7415,-72.6650168629788,-349.271572594564
25.742,-23.7336676084083,-228.303547990418
25.7425,55.6755857130874,-110.243872397105
25.743,179.251619879848,24.2598288688653
25.7435,303.236224858202,160.551301339339
25.744,379.260879415573,280.83171848267
25.7445,405.162355121765,394.353935176224
25.745,409.101304534245,518.905550545271
25.7455,408.487484923044,640.945197258853
25.746,409.364844690719,717.492849261097
25.7465,422.028744423239,728.264688846359
25.747,438.503473229975,710.448251705576
25.7475,409.284830906525,720.761721961294
25.748,291.053627633612,768.698021909713
25.7485,119.482180829808,812.399628316494
25.749,-12.1191950511412,821.235925141784
25.7495,-59.8376964041627,810.627125642691
25.75,-73.3781481284917,802.270414101568
25.7505,-115.668036071133,783.405291123215
25.751,-181.115417835601,732.431094363656
25.7515,-223.96069276515,657.757610877433
25.752,-230.46895162835,575.093452074679
25.7525,-219.90445460806,465.621152106199
25.753,-196.598917363202,300.968935353235
25.7535,-148.032554500765,103.25886115845
25.754,-83.3435317730362,-64.5484552779988
25.7545,-31.932966792906,-174.184256483005
25.755,-1.90548555861368,-261.413517919674
25.7555,25.4095099627966,-372.338099325886
25.756,55.1145722192167,-514.195422810825
25.7565,65.5806766607272,-668.368729715749
25.757,45.3030539394776,-817.778660953104
25.7575,14.2864688679582,-946.802365202473
25.758,-6.44582306526637,-1043.46492721186
25.7585,-25.7535292299825,-1116.16555118017
25.759,-67.549654820331,-1180.91294870173
25.7595,-140.208678602458,-1219.39068102572
25.76,-233.260739742229,-1179.85828985524
25.7605,-330.912702596676,-1035.44030263487
25.761,-417.083796482574,-812.334526873846
25.7615,-479.843198227968,-545.890315334586
25.762,-523.095011710728,-245.227855357193
25.7625,-562.507384010838,75.2795535028318
25.763,-598.226483862785,367.34375789339
25.7635,-603.975605627089,588.171681183981
25.764,-557.429434056172,742.8662023532
25.7645,-470.465218084366,853.143924103399
25.765,-373.751654915595,908.262133106799
25.7655,-282.189019830598,884.789948404486
25.766,-194.052418724261,792.992121196094
25.7665,-112.712076435805,660.488979449241
25.767,-42.1005945993669,486.956493788473
25.7675,34.6459932810416,263.648187789627
25.768,139.39353575011,29.9909582459908
25.7685,255.578204267302,-140.075938958601
25.769,332.570956668322,-213.558383729127
25.7695,349.507095957766,-220.458721186606
25.77,346.520855531243,-199.661990966425
25.7705,368.923822734531,-168.230226213284
25.771,404.832461649754,-150.852694615495
25.7715,410.036735294268,-185.794959396418
25.772,376.952139995001,-271.586524455091
25.7725,340.055746363971,-344.010594385316
25.773,321.09474463309,-339.723689615576
25.7735,310.882891531165,-261.209371533507
25.774,305.794936031997,-153.097777213668
25.7745,316.838860890776,-39.1086705075487
25.775,330.293217972991,81.8761403149518
25.7755,303.784840919322,191.52532683777
25.776,225.349261496751,246.183829966976
25.7765,138.302439298852,224.913244085004
25.777,78.4703069167809,161.028995497249
25.7775,23.4086402499633,116.439783375422
25.778,-57.8381338607763,136.145109570868
25.7785,-137.136301700161,228.596720058542
25.779,-158.554348729053,371.053163426215
25.7795,-115.354756451306,519.970499804153
25.78,-42.0166273928518,623.822345596421
25.7805,56.3929320448714,642.21616142631
25.781,204.336950243097,561.802212166642
25.7815,383.067257430654,397.203283142532
25.782,521.078012928155,181.286117654343
25.7825,579.144091352767,-43.5704856215082
25.783,596.110983967564,-235.385784993579
25.7835,625.059758263668,-373.18417341768
25.784,665.574403946823,-474.311101434553
25.7845,684.357326766688,-573.442018940705
25.785,661.01587102704,-665.22821207789
25.7855,581.631797732788,-679.476613744779
25.786,425.813206685978,-545.061127678968
25.7865,199.905577310397,-284.458323499221
25.787,-46.6690405410085,-15.5892080024194
25.7875,-276.983005398671,157.218003171775
25.788,-508.278038727661,231.7906324916
25.7885,-752.038647729518,269.706776760479
25.789,-941.471124832971,296.918872258081
25.7895,-984.4756588312,280.284442477085
25.79,-886.544665755234,193.367573134675
25.7905,-760.922985744234,63.9432531004457
25.791,-702.429559186082,-55.5292274889689
25.7915,-698.743652631227,-138.219486376175
25.792,-683.922001308851,-189.253617018129
25.7925,-631.257836036437,-218.616075883391
25.793,-558.092033349565,-222.159522917932
25.7935,-472.757013958258,-183.06987311571
25.794,-364.706753369343,-86.5425235174424
25.7945,-241.115129860673,60.1682205722606
25.795,-134.838453624264,220.739355311427
25.7955,-65.8454196537429,352.051035055859
25.796,-16.8366643024499,435.830574314555
25.7965,40.5140147942369,481.812875988252
25.797,108.731801558773,503.67587671478
25.7975,167.545502628978,505.584298806805
25.798,204.545963655096,491.91005791086
25.7985,223.41957973164,472.961743086782
25.799,221.564509407713,451.997955082174
25.7995,183.66416027744,413.627998219252
25.8,112.810344766393,330.430787495765
25.8005,48.2728631737858,179.073465090601
25.801,25.2631914633674,-46.1843264495936
25.8015,27.5713739442378,-326.385878835286
25.802,11.8034280326687,-623.198676555336
25.8025,-27.9194287063314,-896.549788802472
25.803,-60.2920211895484,-1116.34461990968
25.8035,-82.7264307068379,-1258.66826841211
25.804,-133.400957217377,-1307.21511829785
25.8045,-215.530073532228,-1270.66033928613
25.805,-262.308966588638,-1182.55821656189
25.8055,-219.150812494951,-1062.22860090165
25.806,-119.693517701379,-885.882112009821
25.8065,-29.6421763857066,-622.878794560858
25.807,49.5996997105805,-296.64742947453
25.8075,157.713499151401,19.5537963633916
25.808,279.495589726094,271.859004279206
25.8085,348.990822210995,464.494787207977
25.809,351.874051119764,621.556401089637
25.8095,352.617721053446,738.202521924679
25.81,398.959438794373,790.741976354069
25.8105,455.154082224269,779.805133046205
25.811,454.450841537233,739.685182669166
25.8115,372.510379190089,704.101995117376
25.812,228.983212515369,674.411482764632
25.8125,63.4619352521806,624.20120358352
25.813,-67.2504153237028,530.379975974793
25.8135,-116.526313517055,396.767553372178
25.814,-102.789186425644,247.052037479084
25.8145,-94.2709532769465,100.457106008831
25.815,-111.761407191955,-33.6301727840659
25.8155,-97.3425957276734,-136.255703726819
25.816,-16.7155440262834,-175.370127532101
25.8165,65.1807635954784,-139.5623095045
25.817,71.5511056497184,-64.3649698036446
25.8175,32.9502319232359,-6.18253364079402
25.818,45.5711480320323,4.68673470903806
25.8185,136.151182127091,-25.7735910198496
25.819,245.840784675796,-73.6390354885152
25.8195,336.223870997788,-100.953747738135
25.82,425.957028313087,-57.4733875570915
25.8205,511.095163223431,83.3165939254199
25.821,533.233783509435,287.947884648772
25.8215,466.578722522884,490.022392584989
25.822,373.764428878795,650.729262017018
25.8225,322.762870775648,762.118096196832
25.823,288.639737632287,798.190426846603
25.8235,192.620055494508,714.448579484113
25.824,18.4938810465096,514.458242388437
25.8245,-160.465100896774,273.894349476849
25.825,-268.133719634725,66.3205562634577
25.8255,-301.716437798165,-107.913772428451
25.826,-316.870148511121,-289.108688592646
25.8265,-362.879267614822,-480.682277854068
25.827,-440.35857831262,-645.286677503663
25.8275,-508.124957842728,-767.915568599533
25.828,-525.151733871719,-878.116740547631
25.8285,-490.991407430629,-996.819321651823
25.829,-444.967316218531,-1092.96295154058
25.8295,-424.381984263345,-1120.0961884115
25.83,-430.552730105244,-1083.5158457009
25.8305,-436.829945504135,-1036.12639497318
25.831,-415.071630500322,-992.100165176624
25.8315,-347.251971787504,-870.926198182375
25.832,-229.511644126463,-570.816411882887
25.8325,-82.7040451693449,-105.834472619701
25.833,50.8566376516427,369.183736703198
25.8335,139.212127321603,698.607651110057
25.834,186.416444508099,864.694061613328
25.8345,215.820513153948,956.593291188874
25.835,236.039756383498,1034.49364782057
25.8355,238.097057361755,1081.15516222051
25.836,219.182198320047,1072.97181070622
25.8365,190.529501460315,1024.24764760729
25.837,162.141413089885,938.770476673867
25.8375,135.153104922911,777.393794495259
25.838,110.631118997643,515.5238628554
25.8385,92.1382020542022,197.318070117691
25.839,76.2944590905666,-106.826404282062
25.8395,51.8857002819613,-371.826467065751
25.84,12.3706590936083,-607.392381725284
25.8405,-38.3482953985113,-791.15537435127
25.841,-93.8915523287925,-856.095288139518
25.8415,-150.294595551226,-756.718328538388
25.842,-200.555390374053,-530.849544855839
25.8425,-232.477992693288,-283.139092176616
25.843,-236.433942238588,-100.236547306656
25.8435,-212.19148595861,23.9921690210431
25.844,-168.571722514831,170.71519349452
25.8445,-120.759948365349,391.846867248332
25.845,-84.2306720145645,639.819601749393
25.8455,-61.8882232192473,824.989494871711
25.846,-38.2506978152917,916.7893013974
25.8465,3.09502428232222,936.191696140653
25.847,55.4295735912361,863.62278626033
25.8475,93.5533983625868,633.12504372287
25.848,105.545821122648,239.59343216382
25.8485,107.877551593069,-216.422868933891
25.849,121.554494089047,-627.554505272676
25.8495,142.908761189989,-967.820258211803
25.85,148.962682392505,-1247.8863151698
25.8505,127.821490583647,-1446.34015720345
25.851,94.2814698365951,-1537.8709947491
25.8515,75.5498092971651,-1532.89799883275
25.852,86.7124054424018,-1427.65143891989
25.8525,118.115514836916,-1170.69233693543
25.853,140.641006593963,-759.509695334201
25.8535,124.553353224066,-327.523909850078
25.854,61.0679456329272,-37.3132786145177
25.8545,-29.7784694767502,99.1268012915009
25.855,-113.250617263874,205.54997839403
25.8555,-163.82895514116,355.705813366122
25.856,-178.282394763901,498.501597047097
25.8565,-171.210941101432,579.227503641038
25.857,-162.279575302866,636.247348500652
25.8575,-164.580096262281,732.570745780586
25.858,-176.786380178086,861.899150202113
25.8585,-181.45714053303,972.518379546125
25.859,-153.671612773204,1035.94785985708
25.8595,-78.08773251093,1048.76920190251
25.86,37.8134819450435,1005.1096811022
25.8605,167.300690492304,906.549755215157
25.861,283.29045261587,771.571530248926
25.8615,374.312036973734,609.773194391268
25.862,441.585319295676,419.111682500357
25.8625,484.292900810375,228.022259504982
25.863,495.034062144845,94.322629295534
25.8635,471.522892761414,29.3213547602957
25.864,426.382525369927,-34.131205563367
25.8645,381.401128353517,-156.555325099604
25.865,355.222353272436,-312.002632302142
25.8655,354.144133540102,-440.655593238829
25.866,361.376181010892,-546.765476285336
25.8665,332.285632821058,-677.571488979639
25.867,223.744939353774,-812.407350705906
25.8675,50.6382837961233,-841.662941871422
25.868,-101.60499596956,-686.052196062556
25.8685,-153.947186907658,-402.258121172597
25.869,-122.86988336402,-136.142792442288
25.8695,-100.341054225747,21.6822807746166
25.87,-139.060673735424,109.956934421885
25.8705,-195.592440227754,219.907013504402
25.871,-207.898071979885,361.885798002649
25.8715,-191.120771166213,439.432886387017
25.872,-214.245002989527,369.431703552179
25.8725,-301.255637703383,197.77416927985
25.873,-403.982727974746,53.1597586804495
25.8735,-472.211431090996,-5.25129576235492
25.874,-506.201137368494,-42.0514435930445
25.8745,-528.389974485286,-135.627696896281
25.875,-542.154676330599,-267.168964024755
25.8755,-540.079246241364,-357.027951707775
25.876,-522.579763473369,-377.393986408911
25.8765,-481.122554955479,-379.925579405587
25.877,-385.709635623878,-418.477690002478
25.8775,-222.223160762256,-481.580741379861
25.878,-32.3928750581275,-508.540378946255
25.8785,114.734643842016,-454.991811992612
25.879,191.868947909745,-338.18788486559
25.8795,231.113972597919,-221.705687196207
25.88,272.259939600922,-150.549631051411
25.8805,318.077498080337,-103.434394742948
25.881,349.10827352961,-25.2572198361803
25.8815,360.879237035983,96.2457780605113
25.882,367.014893564911,215.181765888757
25.8825,371.841827425887,293.775345106743
25.883,356.212245519027,348.379933214895
25.8835,294.838824566526,412.36191637709
25.884,181.955217078318,486.456234626058
25.8845,36.6190327028603,550.227639141002
25.885,-114.015847383836,593.311963919513
25.8855,-250.851635263627,606.604425907817
25.886,-361.362228473809,568.209417910042
25.8865,-431.308492702449,471.120514825486
25.887,-450.815826027821,347.064411685013
25.8875,-429.158757080849,233.823784540195
25.888,-390.485675798407,135.512183247302
25.8885,-348.955344651034,40.5964924190004
25.889,-298.85141863033,-43.2792721160861
25.8895,-235.917294229873,-104.713667433238
25.89,-174.851762261029,-158.742174834011
25.8905,-132.263008883225,-225.332006041242
25.891,-102.649763168399,-291.871756650842
25.8915,-68.352598200399,-331.563798175257
25.892,-26.9159218499119,-345.599003798182
25.8925,10.6644973683562,-351.052839384265
25.893,46.7922136151186,-338.474351954655
25.8935,101.679643842209,-279.935497759272
25.894,186.161282209557,-174.048720462696
25.8945,285.638630524392,-50.1509361120513
25.895,375.658850873288,65.2293216585608
25.8955,439.125784280286,155.405538559981
25.896,464.828625478209,200.376902934783
25.8965,448.036556577836,194.800045810941
25.897,403.495356052924,169.123188051904
25.8975,362.403141935854,152.591033908634
25.898,341.809668554698,124.247438926619
25.8985,327.143282533545,45.0259771271267
25.899,298.934655443946,-68.5883026804311
25.8995,266.957623851023,-153.886934543127
25.9,259.021053066998,-185.327100174859
25.9005,278.685921968032,-195.846590973063
25.901,293.128114461135,-207.97728906444
25.9015,269.008696802197,-199.58004884094
25.902,209.20941251143,-156.978539356873
25.9025,147.595674989231,-109.771122860983
25.903,114.465306588863,-83.2974416262364
25.9035,113.271993860281,-59.9052247513629
25.904,126.395546591917,-22.4134120038081
25.9045,134.75570767025,-2.30139907274003
25.905,128.419573317214,-46.6726207290759
25.9055,102.172139975186,-157.035188329426
25.906,49.2827878269964,-289.761431086258
25.9065,-33.6780373856068,-400.254892299825
25.907,-137.510021219072,-464.932465805773
25.9075,-242.663340573161,-481.275919992
25.908,-332.050691288104,-470.73040842738
25.9085,-397.058648141345,-461.38068778016
25.909,-433.107146786865,-441.967762377757
25.9095,-439.98098513726,-351.326440071502
25.91,-428.89041514325,-142.357135540196
25.9105,-416.536875935785,152.425501888781
25.911,-403.922760561651,438.865540055205
25.9115,-371.336465683229,634.082466347467
25.912,-305.869277707201,709.552525892914
25.9125,-226.279528572206,686.314232970752
25.913,-166.110783688813,615.095634858454
25.9135,-134.943005696743,547.055381510552
25.914,-110.435798641495,496.462476685201
25.9145,-69.0878901966698,436.885541321823
25.915,-11.2516963789104,349.13193334167
25.9155,47.7049733118223,258.313078434231
25.916,97.5374392960495,204.811533281167
25.9165,135.045576447503,196.008521443273
25.917,153.547711169152,211.006788010782
25.9175,142.200492231055,237.526220269575
25.918,97.5862484925923,275.69797550208
25.9185,31.4148105934584,316.69180695544
25.919,-35.6750131136808,348.166429958439
25.9195,-88.1629753277698,376.081031064748
25.92,-124.120091454963,414.491450012298
25.9205,-150.498609848714,457.617012940234
25.921,-172.097702792221,485.374881926323
25.9215,-188.750108075004,488.092096569964
25.922,-202.237335233465,457.211139771757
25.9225,-217.251434905691,360.588645205529
25.923,-230.523927506452,167.507532025815
25.9235,-227.745434830795,-94.6113497586883
25.924,-202.283124347064,-343.34047367612
25.9245,-172.624452818914,-517.188240533781
25.925,-167.496035541142,-625.75267249607
25.9255,-190.998993997405,-713.668225997346
25.926,-211.462533762646,-800.379250309809
25.9265,-187.432204370102,-871.449451742947
25.927,-98.9954415003584,-904.622342904857
25.9275,43.0937985236587,-879.384684540517
25.928,205.076530342171,-776.502452195912
25.9285,344.138940318382,-598.597142934945
25.929,431.134521305927,-391.015459242615
25.9295,471.937295131592,-217.937989189301
25.93,498.611635638488,-106.964159285037
25.9305,528.848926908106,-28.1915977033644
25.931,540.778444161473,62.2757537303921
25.9315,500.505758804255,163.216761734227
25.932,410.502624940732,223.031305869775
25.9325,314.279961869837,195.976926583276
25.933,248.060032079946,95.0031558402862
25.9335,200.006678241594,-21.7103075295926
25.934,128.399743044943,-113.164536152675
25.9345,16.5163944806149,-187.348016129636
25.935,-101.038401326211,-265.203784363147
25.9355,-169.316709522205,-334.403917149695
25.936,-163.799962628094,-362.349759504916
25.9365,-105.77034580384,-347.225434786807
25.937,-32.8485340440989,-329.700354499824
25.9375,34.8080746162473,-348.673146434362
25.938,96.1938379940876,-401.9154139904
25.9385,148.183459305019,-452.31612146744
25.939,176.175970923329,-455.008850206174
25.9395,169.226381900812,-377.636155495123
25.94,137.620154735292,-219.608785614593
25.9405,107.687059775214,-22.1240699503564
25.941,95.7638099087818,163.59364742361
25.9415,88.6192283549582,331.417097686709
25.942,55.732720024148,518.889423327505
25.9425,-14.0572365075381,730.583572018515
25.943,-94.2996332657645,891.578226891835
25.9435,-151.283486904099,917.444402829371
25.944,-188.6697855002,818.769013947322
25.9445,-239.412606878714,692.008597903226
25.945,-305.394308872047,605.691399100038
25.9455,-332.075055195515,542.302620433597
25.946,-269.919890184199,466.269969298142
25.9465,-145.991484819104,395.898960807421
25.947,-41.1860795121263,363.508427685921
25.9475,0.0416243630054454,338.166220793177
25.948,3.91577704311468,251.050280393859
25.9485,10.0157886809624,97.7379959666238
25.949,19.1127441580722,-39.6387412008258
25.9495,14.8477913246617,-91.6868338544648
25.95,3.11070403201906,-79.8711871580852
25.9505,0.971498061911629,-64.9944741147474
25.951,6.46522376905514,-54.4344570578801
25.9515,5.60425536798733,-11.2824920932152
25.952,-6.39466748651735,57.376012595159
25.9525,-35.0528526696009,80.8222196002057
25.953,-99.5637663953829,13.890819072065
25.9535,-204.522688781031,-96.5175837220695
25.954,-311.306634179049,-170.597577304578
25.9545,-372.251501304132,-197.108167536032
25.955,-387.173273850099,-230.762150639912
25.9555,-391.009875740723,-294.310322331843
25.956,-389.164011793424,-334.475779485917
25.9565,-346.978143209646,-296.535057277583
25.957,-251.462253167895,-202.426170907922
25.9575,-142.241099579541,-114.85685260946
25.958,-60.594173944448,-45.9485293764
25.9585,-0.534566287604457,49.5031577862189
25.959,63.3650451555514,192.137143333375
25.9595,125.554617147959,338.137156924334
25.96,159.182552444591,434.935779529411
25.9605,162.341588945358,473.402038910221
25.961,163.848614477145,461.259665303757
25.9615,185.494980714516,388.040111281745
25.962,219.457540968794,256.625144681572
25.9625,240.879330118177,113.780903136588
25.963,227.710429665856,-7.51085722413065
25.9635,174.983958411743,-155.940647058377
25.964,106.759641060886,-402.96125585343
25.9645,67.0871780947402,-712.092150742056
25.965,79.2675575399152,-937.184917679526
25.9655,117.584415308998,-981.241018180819
25.966,137.937256440903,-901.498447578902
25.9665,132.083360495789,-813.838498517983
25.967,129.521069901363,-736.990427614673
25.9675,147.519434904055,-589.375596346745
25.968,166.793185229315,-319.43298103262
25.9685,166.042510895129,19.551248769451
25.969,157.48137461676,324.737526720004
25.9695,169.784775216614,527.040055779832
25.97,206.270173516039,610.876484416383
25.9705,236.039715268515,592.049328246914
25.971,225.152421555362,501.000263896084
25.9715,169.382432633008,372.161726498252
25.972,97.6691676213911,231.497667044536
25.9725,44.9543062570981,92.1696435321457
25.973,17.8625496337262,-43.0085639586413
25.9735,-10.2679484958465,-181.695118080801
25.974,-61.7915866627921,-331.721981526427
25.9745,-117.636421846791,-472.860847246059
25.975,-136.624799990802,-548.67318665747
25.9755,-113.539322109155,-509.747382068806
25.976,-93.6549696890927,-362.978033420837
25.9765,-115.804690914681,-160.795094526205
25.977,-161.522332507133,50.9739571485523
25.9775,-182.09795515016,252.705639735755
25.978,-161.671220634003,426.272736296256
25.9785,-127.388243218791,539.83823191281
25.979,-105.073967084744,561.352135541754
25.9795,-95.6113387243799,469.894482307303
25.98,-97.4973078551361,259.61290040951
25.9805,-121.57671838207,-42.3085236136606
25.981,-167.893653726141,-363.634978061393
25.9815,-208.98466123406,-619.276901709302
25.982,-215.238324823809,-758.568037189487
25.9825,-185.531611382993,-765.253555784173
25.983,-138.579183886619,-627.813038318925
25.9835,-86.4420485569904,-350.322994897183
25.984,-33.6152020942861,9.07372602340571
25.9845,8.75682791195134,354.17894876535
25.985,30.2111881673184,617.123799661237
25.9855,39.1119184717588,779.654440463447
25.986,52.7064079558062,834.143742970735
25.9865,69.2357710346953,778.29174336863
25.987,71.0619672172639,662.527743771722
25.9875,59.1485013974226,581.745706976306
25.988,60.7961861026239,579.48885385312
25.9885,88.4579905082512,601.273100964786
25.989,106.844217621831,580.080901292707
25.9895,62.062082656189,522.597425826607
25.99,-57.0372548884325,459.094723810392
25.9905,-197.199155670364,351.76040114765
25.991,-280.920874200618,133.755919384214
25.9915,-265.487128714049,-167.710577429058
25.992,-169.32245028283,-421.570159250299
25.9925,-49.074878156474,-522.516797341981
25.993,50.0116691013493,-477.907430430636
25.9935,125.626085994512,-354.594811608111
25.994,202.257276092538,-200.262273084827
25.9945,289.850646345133,-47.7256509309749
25.995,369.865831175555,57.9226406852054
25.9955,421.207884352377,91.1725945819169
25.996,442.238872479829,81.5846466700962
25.9965,439.176527733883,70.9759979672156
25.997,409.211636468937,47.5821596218816
25.9975,349.231209104711,-33.6588197072979
25.998,269.170713799489,-168.803804204849
25.9985,181.041783481331,-287.339641149524
25.999,84.29318342494,-330.665037927715
25.9995,-21.6232966624703,-317.061491869502
26,-119.147452571925,-309.84968056561
26.0005,-186.182990194943,-342.821697642484
26.001,-222.089405535349,-398.354899705261
26.0015,-241.497762775429,-443.244502428352
26.002,-247.783337599853,-458.149237004231
26.0025,-233.436939367032,-433.531294018926
26.003,-202.277426518023,-362.739689319492
26.0035,-167.209640054926,-252.136848041607
26.004,-127.289355121488,-127.015029380567
26.0045,-73.6545808814578,-15.9667785271463
26.005,-20.9316381872243,68.1837410273826
26.0055,-3.29327381084644,128.244610126277
26.006,-28.5269198751685,168.670453901542
26.0065,-62.1815063135015,185.639197429445
26.007,-72.5496254699111,167.478323040452
26.0075,-69.3267847734613,105.019250339524
26.008,-81.0409157434209,8.31534189563182
26.0085,-114.472766950946,-89.8790073134414
26.009,-155.57527024364,-161.858602743431
26.0095,-192.609472415199,-215.426867816611
26.01,-216.568824368851,-273.089803687654
26.0105,-213.272717261542,-313.958637857611
26.011,-179.202349586613,-270.372257318376
26.0115,-136.544692924482,-112.473285904985
26.012,-110.729904091611,86.0166383894691
26.0125,-99.0083989379368,206.156423434817
26.013,-79.9519526242653,201.315876340834
26.0135,-46.9227932294765,123.965941120188
26.014,-12.8911082169408,47.4906870436848
26.0145,10.9010837177042,6.66070128476852
26.015,20.9559416706402,10.9322199588571
26.0155,13.5616864135946,57.7384366193013
26.016,-6.07160626285099,114.568735006583
26.0165,-11.7178685044405,140.279366705406
26.017,20.6344357600449,151.825957128688
26.0175,76.1765730536749,220.584097347529
26.018,111.571501363788,365.679203383105
26.0185,105.736596687571,498.89624922889
26.019,79.2351382378728,527.05889982144
26.0195,59.598307884034,471.488728988221
26.02,51.0676612941406,425.534000073861
26.0205,47.8516159799154,421.345395116077
26.021,55.1706477297052,407.997746009233
26.0215,80.6348368395569,347.336562349788
26.022,117.11250080021,254.950446401268
26.0225,148.689045547885,140.472348999182
26.023,167.858795383264,-18.3565599609924
26.0235,178.407395055169,-216.518407716918
26.024,186.563150192719,-395.202197894845
26.0245,194.721261263738,-502.736386531688
26.025,200.116814609085,-530.922864118591
26.0255,199.48613814283,-464.68782058776
26.026,199.520688592821,-258.27128014845
26.0265,214.41721664906,84.2692825239014
26.027,237.981486227686,445.803383604998
26.0275,226.072057955079,675.507157690029
26.028,134.26462314269,718.622359924813
26.0285,-21.2362060691712,626.932892629069
26.029,-164.765104954655,464.334042333196
26.0295,-235.102628944067,256.430358151829
26.03,-238.8322203678,24.130634877178
26.0305,-219.59444249755,-191.842440595581
26.031,-199.283095660204,-357.233778953267
26.0315,-172.255781750905,-463.744302608055
26.032,-139.345817012697,-515.01561709785
26.0325,-115.353181880523,-520.801200941622
26.033,-103.020354796454,-508.237044079551
26.0335,-83.5513088711907,-509.054992974826
26.034,-40.9689870688367,-528.027078678299
26.0345,15.9340876036359,-547.549118687296
26.035,61.9008433958193,-564.506964154948
26.0355,80.3755568733334,-591.506144180826
26.036,78.2501813307327,-614.234820169192
26.0365,76.608632995839,-581.347230903245
26.037,84.711127851433,-457.649590308441
26.0375,85.6270251937002,-268.620028652808
26.038,58.0064896643731,-77.2937141678361
26.0385,12.3652193176909,66.5241039990416
26.039,-11.2288614399072,144.589461883116
26.0395,9.68390752699687,163.274252002161
26.04,50.3260512196342,150.69088494486
26.0405,68.5769567083367,145.590684333618
26.041,50.8778586770882,165.779003451287
26.0415,13.8825625343971,192.558709203152
26.042,-25.0244820093506,200.273075713248
26.0425,-57.0692486788439,191.882946191429
26.043,-70.4390621123575,190.275391267501
26.0435,-54.377549938885,204.864613257697
26.044,-16.7756297837995,226.163532796157
26.0445,20.0005319849882,246.755676872526
26.045,42.7603034561149,266.284520737558
26.0455,52.8250174216479,277.27573200519
26.046,49.0218090212454,267.933763980222
26.0465,23.5400825736128,244.549001008951
26.047,-20.7169712232718,233.55880942183
26.0475,-63.1934493713413,251.665130741649
26.048,-83.3840166974067,285.365363044533
26.0485,-78.7647876425248,309.792460551896
26.049,-64.6112004835996,319.649595014182
26.0495,-63.8880610148338,330.44992392437
26.05,-93.7481450337691,351.670934765938
26.0505,-148.862765230198,368.196827018662
26.051,-198.961877556787,352.649767010015
26.0515,-216.038377890657,296.021654281002
26.052,-203.295319586213,225.09749743776
26.0525,-184.110321229476,184.374249659631
26.053,-166.532078057356,192.993606800827
26.0535,-139.239974874643,219.288113348162
26.054,-103.024998619583,205.679934999161
26.0545,-80.4694142536345,121.259853413934
26.055,-83.2450422001091,-16.4465986779766
26.0555,-91.0679651598104,-170.714100741349
26.056,-79.5111440087875,-321.080749002423
26.0565,-52.8831850711072,-460.708042282978
26.057,-30.6878072848759,-573.806473528098
26.0575,-12.740318294219,-638.229833111657
26.058,20.0635120301723,-651.184983828914
26.0585,72.4485794382466,-635.472963137346
26.059,121.506702511758,-614.980141634132
26.0595,142.08590719765,-595.102173830971
26.06,134.68684214655,-569.16202900443
26.0605,122.356572114084,-528.535800090616
26.061,124.570504749559,-459.911629789035
26.0615,138.207940066968,-349.289346204089
26.062,144.247395423582,-202.781752919252
26.0625,132.223977599414,-53.0378568409508
26.063,114.026903290032,68.6853286373207
26.0635,108.354111546349,158.051270229605
26.064,115.83664037942,222.01965055685
26.0645,120.982163192231,249.981450523893
26.065,117.378018852181,223.735896368847
26.0655,114.318949025076,153.866340782451
26.066,113.769117294543,83.2699060411461
26.0665,99.9686695884151,48.4779455654997
26.067,65.3728722962594,52.0601924439362
26.0675,31.4093290143998,75.5146346394991
26.068,24.6885036317933,102.401146467361
26.0685,42.1403485038828,123.625263194881
26.069,59.0209937668045,136.290661667063
26.0695,64.2598913040428,145.932020555578
26.07,65.9844293685755,158.856985229312
26.0705,65.7409968307208,168.21497603162
26.071,53.1116294114594,161.110815117033
26.0715,31.0282673008001,142.802658977878
26.072,22.9351994206037,136.385809762477
26.0725,42.5648281544039,151.651229537399
26.073,72.997622922156,172.719441364857
26.0735,87.998143821687,186.995918323514
26.074,80.4591079323272,207.743790868419
26.0745,57.5731961241881,251.856247654941
26.075,22.6224034916917,308.593731222893
26.0755,-20.5889404842268,346.813558572637
26.076,-56.0780427675046,344.476847204811
26.0765,-71.2896043115439,299.015555824383
26.077,-81.7940758977473,219.858002412831
26.0775,-117.599983815638,124.438985068075
26.078,-179.4839192386,31.7621778165978
26.0785,-228.353324284451,-52.6081676156173
26.079,-229.267802842772,-135.446330822562
26.0795,-191.932532841986,-211.02936028891
26.08,-153.521531578941,-254.364322025385
26.0805,-131.803718982658,-253.649140360278
26.081,-113.758030335133,-231.718596148977
26.0815,-87.0704055766922,-216.299358624626
26.082,-61.2411747133856,-205.92408266892
26.0825,-48.938766173093,-186.957812883213
26.083,-42.1850534865085,-165.818295364087
26.0835,-23.2898141449526,-155.168803887317
26.084,5.95201775010996,-142.542776131055
26.0845,22.5400231872667,-106.643837424533
26.085,12.7437634997349,-57.066084125411
26.0855,-8.61358365305452,-23.974967734371
26.086,-17.5647942925892,-13.1195020929804
26.0865,-11.5362745213523,-6.33400868161123
26.087,-9.27118752859076,-4.83074700888116
26.0875,-22.935376394228,-33.4132510261147
26.088,-42.3955014373872,-96.3573336645467
26.0885,-50.4561530220581,-165.798161199897
26.089,-43.259026974162,-222.773966442324
26.0895,-27.0907650222065,-273.347080982354
26.09,-1.48100784198717,-311.399522228452
26.0905,41.6829655201973,-304.080209219076
26.091,100.795868357103,-237.946241766771
26.0915,157.328243186437,-149.921509008538
26.092,193.01761443363,-86.2915543852823
26.0925,208.335996958664,-52.1582800713017
26.093,216.134804937021,-22.9453894517793
26.0935,220.689992317607,16.355963605627
26.094,212.77718176623,67.2638550287649
26.0945,185.899291252821,132.524328649398
26.095,147.670734993934,207.410923226846
26.0955,109.774951633915,269.827544589084
26.096,71.9896425450186,303.221368189563
26.0965,22.0324253901767,318.65579502836
26.097,-50.0582022821444,334.473634805997
26.0975,-139.395672294856,347.861478956271
26.098,-225.150344342798,347.780459671225
26.0985,-281.305739523347,341.196634100749
26.099,-295.318790180662,340.97298954807
26.0995,-280.879716817595,338.436770607339
26.1,-266.861881088818,313.042689750708
26.1005,-267.841016589488,260.276812569129
26.101,-270.130902898978,185.375644137195
26.1015,-252.804323519358,79.8060773011111
26.102,-215.737682705736,-64.4277343638151
26.1025,-176.038461414128,-218.225104045678
26.103,-140.810335609591,-322.893909988691
26.1035,-98.1511539764312,-342.973756791655
26.104,-37.8078870576627,-296.270803353942
26.1045,31.9379163325759,-231.068196432462
26.105,94.8383472566451,-188.588833161342
26.1055,145.745218181345,-182.982702504683
26.106,191.746287595353,-196.89621870863
26.1065,239.283936971984,-195.797350610913
26.107,286.250827949907,-162.865903670639
26.1075,323.77474689251,-117.3605883413
26.108,342.053702602088,-84.1311242351479
26.1085,338.031563873395,-56.047139280759
26.109,319.685266879319,-11.0888617946081
26.1095,297.096838413032,42.9094753842134
26.11,266.319658801456,74.1461989508525
26.1105,210.048049604268,76.5458136607586
26.111,121.183632647001,78.2744275229015
26.1115,19.6845072191995,94.0134441393447
26.112,-62.7724998284308,103.17841921217
26.1125,-112.051365076575,88.5914123472538
26.113,-138.28836438825,64.296159893817
26.1135,-156.722652874261,45.9470242034538
26.114,-170.916050870834,22.5014034338388
26.1145,-174.68493454316,-18.2063648447789
26.115,-162.132536831447,-58.5636766684987
26.1155,-132.876398728157,-72.7298810822021
26.116,-91.8506963213829,-63.036887601256
26.1165,-45.7356377964258,-49.6375375193127
26.117,2.40597924831073,-36.8911228803043
26.1175,53.058316712544,-15.0677878570382
26.118,101.201568890979,14.5314563975799
26.1185,131.443079660706,40.4916387451313
26.119,130.834189132264,59.6807231129137
26.1195,106.339380214849,72.4710737795038
26.12,80.427108274374,68.4860850485666
26.1205,66.0795842474833,41.7620601606045
26.121,53.4291592190816,12.2352372106805
26.1215,25.3612612697341,3.98101261655432
26.122,-20.6234174483885,6.21901732423637
26.1225,-72.7460285173268,-13.9206821721122
26.123,-121.676225769139,-60.0775096269162
26.1235,-166.993630212474,-100.115783204311
26.124,-207.120704901023,-115.458282613713
26.1245,-232.464155244102,-123.32784565117
26.125,-234.323852268838,-138.35154557642
26.1255,-216.631606101516,-145.718736591467
26.126,-193.424291013724,-132.645977195918
26.1265,-175.849495568947,-116.327020961361
26.127,-165.326294188918,-112.364842340926
26.1275,-157.180383098824,-98.3575347623776
26.128,-144.283498057665,-41.8859175246848
26.1285,-116.390780370788,49.316542552752
26.129,-64.1186985891829,137.077857381159
26.1295,9.74519971420631,201.371177596678
26.13,86.193733025268,244.637112090648
26.1305,143.903387387013,256.469775159826
26.131,177.112973351778,218.208925139654
26.1315,195.874650737293,148.701257365787
26.132,210.29750919363,102.01527966678
26.1325,219.841762518043,99.423210164554
26.133,217.795291676641,98.3105942183762
26.1335,201.313436650949,55.0244578022227
26.134,176.029657988239,-10.0479772814385
26.1345,152.374741039513,-42.8881674342662
26.135,134.166274399883,-30.4933018463292
26.1355,108.093396021192,-7.51081054679311
26.136,52.6023081161203,0.677298368085983
26.1365,-32.6234352263523,1.44217257643182
26.137,-112.003971448149,1.36830608277703
26.1375,-144.044095902495,-12.0342458972839
26.138,-125.376518173913,-43.0322337930005
26.1385,-90.0809379665759,-72.2760298590702
26.139,-65.5321212023129,-85.2543935909558
26.1395,-48.6277669589007,-93.1967854836533
26.14,-30.1096906279621,-108.291479623472
26.1405,-17.4377357156337,-117.763937163775
26.141,-16.9491225759038,-103.332100734011
26.1415,-13.6230928695028,-72.9349600220241
26.142,6.47420452960985,-52.0474907684235
26.1425,24.9243414525678,-51.2168189492853
26.143,9.83377940437888,-60.4875646499932
26.1435,-36.1176536141661,-69.6906630361446
26.144,-72.449285759749,-75.5663196432843
26.1445,-70.7347972665451,-71.731782608964
26.145,-46.1775169508113,-49.8140590932413
26.1455,-30.7713297267526,-12.6145403695869
26.146,-33.1105275191361,26.4931379587972
26.1465,-37.5236097731128,58.2397932353189
26.147,-30.6265849747683,81.6852439330783
26.1475,-14.504884052123,96.3053765214568
26.148,0.749216783996043,102.14413346133
26.1485,6.19288712665017,106.109861515286
26.149,-1.99120278524385,114.861469400346
26.1495,-19.2052389025514,122.061371236893
26.15,-33.0460516898333,116.185135463574
26.1505,-32.0545441677736,100.331349109446
26.151,-14.975494110825,88.6796893048883
26.1515,8.85718831441908,82.4345204278718
26.152,26.8797696816197,67.6459576091045
26.1525,32.6998812605594,41.8655104847552
26.153,32.572404463179,23.1822224671245
26.1535,41.4848465770719,21.2923866756186
26.154,67.4554434952722,16.583422317331
26.1545,100.742800550497,-15.0215304189471
26.155,124.932347234057,-66.2484172183958
26.1555,137.433629589882,-103.402087139101
26.156,150.680064903758,-101.040619714406
26.1565,172.883592319033,-59.2876706008524
26.157,196.998083712485,4.36674779742505
26.1575,211.063593338414,63.6945031611092
26.158,210.328513031009,91.4883243644975
26.1585,194.545947459889,80.8528023246093
26.159,160.57692980567,59.15471354326
26.1595,104.004106013571,60.0610781748124
26.16,25.8987577351381,77.276785155277
26.1605,-63.4701779251119,66.1889179836906
26.161,-144.606051424244,0.473649093131083
26.1615,-194.636655523514,-91.4499209556656
26.162,-201.631557453987,-159.801138639121
26.1625,-175.287110148335,-187.253905072342
26.163,-138.095880703136,-191.708848537664
26.1635,-106.388386540002,-188.33348043048
26.164,-86.2195417460412,-173.836184577229
26.1645,-83.6589286757388,-146.676566034237
26.165,-104.776105870288,-119.098418371878
26.1655,-142.254091602628,-101.263737073366
26.166,-174.603552204339,-89.1066283796484
26.1665,-185.555743789206,-76.329994572295
26.167,-176.785375808047,-66.2421266440145
26.1675,-158.286721110745,-62.8721194444319
26.168,-136.277637757092,-60.5293228884709
26.1685,-115.644363532134,-52.1482496664566
26.169,-103.83703138162,-40.6509457180276
26.1695,-103.559472680082,-32.4152739125013
26.17,-106.642517930402,-25.1876997625356
26.1705,-100.494995623784,-11.9683622676349
26.171,-77.0207172724903,7.10672220022189
26.1715,-35.3645801263085,25.2147324471017
26.172,15.3299716751537,37.9180236666247
26.1725,55.5306985746192,45.1163749305715
26.173,70.2684903635069,48.9097249473212
26.1735,68.3169347529648,56.5739069343949
26.174,74.1772345995435,78.5802004511454
26.1745,96.331653161049,113.623668986997
26.175,116.881327930334,142.660448105255
26.1755,119.108163111022,150.735668781262
26.176,110.788383780646,148.779521889679
26.1765,109.944213164248,158.590874302625
26.177,119.210642904971,181.764756599596
26.1775,124.908937788999,202.675438230106
26.178,112.171584484477,218.23164083566
26.1785,73.2496729629091,238.547914726094
26.179,12.6151470514589,254.004531273465
26.1795,-47.7549060244571,230.785222340388
26.18,-81.2877018716006,155.935596953082
26.1805,-84.2942696290168,65.7041083251153
26.181,-76.6524255035355,8.54075845008336
26.1815,-67.0725731418224,-5.8521672232968
26.182,-38.2793165134731,-1.70517716012999
26.1825,18.4445554536589,3.81583727627143
26.183,76.6859126600741,12.4671112819466
26.1835,107.07234136942,24.0017713365033
26.184,118.430018286942,28.1547730875239
26.1845,138.329019942437,15.7744242998425
26.185,165.653717353461,-20.8496049302407
26.1855,175.413265773458,-92.4221099216724
26.186,165.311674871185,-193.121455477684
26.1865,164.133210182391,-280.783114036655
26.187,190.417448601073,-307.745777311066
26.1875,229.018305455333,-278.418850041318
26.188,252.445820850693,-248.540152594289
26.1885,244.179576475604,-255.299139126928
26.189,202.091630939883,-273.59118927048
26.1895,142.615585123703,-258.503554268749
26.19,98.1541200911672,-207.947753204555
26.1905,81.1369359022138,-158.441339671165
26.191,52.8783978588291,-133.604371559318
26.1915,-35.6215506952425,-124.650679776282
26.192,-167.655454609953,-116.954118068018
26.1925,-266.192457150413,-109.495544297894
26.193,-289.41258840128,-103.134629598979
26.1935,-280.700226752765,-88.8554295386361
26.194,-299.426049101361,-58.0379006338586
26.1945,-339.07624600372,-16.4830573606364
26.195,-349.404350704682,18.0920819749147
26.1955,-312.65877993317,30.197352799848
26.196,-256.20928319142,19.0220893283155
26.1965,-203.610253308717,1.48477989513675
26.197,-154.013528335563,1.05722384192849
26.1975,-107.274163459422,27.9783156628916
26.198,-73.7687174577506,71.7401245672343
26.1985,-53.7798054513075,116.625472405605
26.199,-33.2519084178593,160.273712477993
26.1995,-6.36506259988178,211.607959607339
26.2,16.8877831888186,275.520887293875
26.2005,28.883573641951,346.327943484127
26.201,32.7247045775409,411.455278026838
26.2015,30.745842240913,454.58243584192
26.202,21.8676455745596,461.224072843336
26.2025,12.1736652098369,430.69921276195
26.203,11.1924421220691,378.362760701073
26.2035,15.2148901259449,317.753778806975
26.204,10.8989956115164,247.088214691164
26.2045,-1.03227367927265,163.847061253501
26.205,-1.99237655379791,83.7694885953852
26.2055,18.730242049899,27.3349710424505
26.206,48.0503652906678,-9.81562781845038
26.2065,65.4176976984032,-53.8300571314548
26.207,64.6371349520089,-117.725061708876
26.2075,54.7607072986773,-186.838282010128
26.208,49.3119701502442,-243.310945872528
26.2085,59.019638438943,-286.562331821265
26.209,85.8523671152024,-319.355854309778
26.2095,119.35587185526,-329.175960146712
26.21,145.377074309543,-299.463472536618
26.2105,160.01554949515,-233.367958385234
26.211,167.992708459875,-154.689686178007
26.2115,168.971196451971,-88.7497240949359
26.212,157.323364655177,-49.9091116450624
26.2125,136.303806144251,-41.4118340817328
26.213,118.950025352157,-55.4335807850304
26.2135,109.996887705537,-73.7046200563933
26.214,97.8430500012197,-77.4331293834004
26.2145,70.0551587001766,-60.7680408329949
26.215,27.7860935549767,-33.9927566827076
26.2155,-19.8334655722171,-15.372904791262
26.216,-65.8745146108354,-19.9139372815239
26.2165,-103.967945281155,-49.477659601503
26.217,-125.434544328668,-89.2123884871685
26.2175,-126.918737312944,-117.975977971209
26.218,-117.029532688937,-126.574474633943
26.2185,-109.211569766634,-122.433343758674
26.219,-109.594424311401,-114.86796776421
26.2195,-113.863951911662,-103.540411064298
26.22,-112.916143994879,-86.1233479074688
26.2205,-100.80020721152,-68.4311992621959
26.221,-80.9650621111373,-57.6998908504367
26.2215,-64.2306661444145,-51.3685342548102
26.222,-56.2575239093073,-42.1657633263732
26.2225,-49.8694543018464,-30.3254866943869
26.223,-36.637507365703,-20.5631736593167
26.2235,-21.7366363030878,-9.64861177756537
26.224,-16.0116514593543,11.470590505714
26.2245,-15.8479976423251,42.6969571509432
26.225,-5.46894563059004,72.3903875572265
26.2255,19.4438049191744,92.2214171804592
26.226,45.173305256073,105.285804333766
26.2265,60.7790036051372,116.375342397985
26.227,70.7996025994217,123.308841940593
26.2275,80.888703749881,123.30019710538
26.228,84.8608355029898,120.291216758199
26.2285,75.2405723168864,118.893176737746
26.229,55.4238747554645,116.904075919953
26.2295,32.1142984585419,112.38174079087
26.23,5.84781906401894,114.061176620323
26.2305,-21.8190585858165,133.386315409326
26.231,-42.1750592775855,165.135324307867
26.2315,-51.3608385901103,187.003717600717
26.232,-59.6004442428244,184.537901535284
26.2325,-76.826105231261,168.111350311458
26.233,-96.4948079053833,155.788648733441
26.2335,-105.360697853217,145.750389478545
26.234,-102.501569030286,120.744543400152
26.2345,-95.8795897343071,80.2798183621025
26.235,-85.4582123979647,50.4119232182696
26.2355,-64.0991719192092,50.4054386614904
26.236,-33.5655377696561,62.2274442481245
26.2365,-6.29622705491463,49.421916457747
26.237,10.9326658793732,-0.345400545659488
26.2375,26.15885748269,-69.2343627352941
26.238,52.3845278909023,-141.021225671048
26.2385,92.9365323716541,-214.454187156083
26.239,136.851894666734,-279.236900863285
26.2395,167.48215104534,-304.127069232747
26.24,179.605800660506,-268.80610267681
26.2405,188.059261321416,-195.01486048924
26.241,209.346845624629,-126.604852508066
26.2415,232.053633119031,-84.7747134511635
26.242,221.712836911935,-59.1897909342052
26.2425,166.195183326512,-36.6282093770353
26.243,100.567458089266,-17.8768531638935
26.2435,68.3943741750132,-6.40601499858165
26.244,69.6046774492708,0.587284905795382
26.2445,69.0196759990809,5.15235061177271
26.245,49.1479388058734,7.09834347508713
26.2455,27.4100961326352,13.4535720131031
26.246,20.2955898405552,35.0466626667791
26.2465,17.9064641451653,68.3156316958728
26.247,3.82327954875148,94.054556277063
26.2475,-21.3756477822545,100.32216213194
26.248,-49.6804313757016,92.9951693931472
26.2485,-82.5604298764403,77.0782692413348
26.249,-124.02441308059,44.5432496622049
26.2495,-167.817632351431,-6.18134404925089
26.25,-204.256363433002,-53.5306164008294
26.2505,-231.460706279632,-74.3952040581388
26.251,-248.987358096718,-73.6419436710428
26.2515,-248.610267100794,-72.4909319565269
26.252,-223.572881916184,-72.8955340219309
26.2525,-182.094512104964,-55.9479359000696
26.253,-141.351474616399,-16.6988922097394
26.2535,-111.050754801784,22.2345177258233
26.254,-90.1718674064851,40.3742189819808
26.2545,-75.5464285006394,43.9767575322216
26.255,-66.2884225621095,47.9661676322275
26.2555,-63.2567307824626,48.1010794360063
26.256,-69.5333585761387,29.1827500726675
26.2565,-86.4653181721418,-5.93282002106802
26.257,-104.508615256106,-33.9480606112616
26.2575,-105.718244631442,-38.5163907692966
26.258,-83.0066235101763,-26.3655131418968
26.2585,-50.3437311844668,-13.2605390214465
26.259,-25.5230319774993,-5.43610770289472
26.2595,-8.95786226834915,-0.347101204349287
26.26,11.5159657687819,3.05188284619367
26.2605,41.0534549965912,2.81671688692535
26.261,73.8574311738588,-0.67258886037978
26.2615,104.370806380806,-3.78462922303754
26.262,131.060967061564,-3.09188805890424
26.2625,151.38041966761,2.65142098133548
26.263,163.408404541145,11.6940513024956
26.2635,171.108199954045,18.7555662508261
26.264,178.646776636531,19.1652226281248
26.2645,181.396818556878,16.3766540881811
26.265,172.074499947932,21.1032935556959
26.2655,153.494756345318,38.5213068739542
26.266,134.539263220886,59.7168672185081
26.2665,115.388710093032,70.7793221387008
26.267,89.2028611701388,66.8664671560414
26.2675,58.3166144101744,50.8785699018258
26.268,34.9486644022648,22.2497065750014
26.2685,22.5831528226608,-21.4859413086549
26.269,9.6809087871615,-70.3690956134592
26.2695,-11.8094268009509,-101.167738206048
26.27,-32.0349085434471,-99.3985398500987
26.2705,-34.7796988997054,-76.6621224578332
26.271,-16.5714251051662,-57.8563849395414
26.2715,10.8853710877354,-53.6963659321447
26.272,30.3844921055736,-52.9624282606359
26.2725,27.7362632534421,-40.1410438329872
26.273,0.939306800539109,-12.7533776310878
26.2735,-31.6385404615891,19.5903385026787
26.274,-41.4228045154988,45.7948721653379
26.2745,-18.5227758087727,58.9793433075195
26.275,14.8241702025036,56.1914650408861
26.2755,28.9269904147694,38.0027307920291
26.276,19.5923880122735,9.26192736657151
26.2765,6.50380776255375,-20.9964106874079
26.277,4.33419600944538,-41.8031078978626
26.2775,9.7800290722658,-45.5260475877753
26.278,16.5674752909623,-33.702627258573
26.2785,27.565751237664,-16.0253048138952
26.279,45.340921168355,-0.517113236196435
26.2795,61.543498124296,13.5130992204547
26.28,65.0913017041305,29.5868029077495
26.2805,55.7055571296889,44.9508931024879
26.281,41.6295995262255,54.1251687750893
26.2815,27.3950742868388,59.043927888542
26.282,11.3566652500949,66.1158782472606
26.2825,-6.36056992053344,72.8565305181112
26.283,-21.2488221526782,68.5872661761829
26.2835,-31.142679926488,52.6110606968439
26.284,-39.9895932575527,40.812360134436
26.2845,-52.5235885375598,46.1772148539947
26.285,-68.9174896682201,61.2615893259644
26.2855,-86.7840829521032,69.6956943677128
26.286,-104.644455148439,68.0296151824498
26.2865,-120.003506608011,64.2907769974653
26.287,-127.041970227161,59.8458235735129
26.2875,-121.630798075898,47.2129345176327
26.288,-108.803540811171,25.5545791953103
26.2885,-100.647574684035,4.28904621811234
26.289,-104.369793350624,-12.0425642772588
26.2895,-114.738819072007,-30.4116821845701
26.29,-120.583719295916,-55.6528195502298
26.2905,-117.29547310474,-80.8497749379385
26.291,-110.365008349896,-98.3651329962204
26.2915,-106.841134748116,-111.646840094711
26.292,-105.81474049589,-127.453645947254
26.2925,-99.1455727637153,-142.525820266997
26.293,-81.4446291378804,-147.143385791858
26.2935,-57.6273893028582,-138.797368875687
26.294,-38.3668747487664,-124.495152105108
26.2945,-27.6028539051523,-110.802133089925
26.295,-17.0288486516163,-97.3126945452797
26.2955,4.98500182522225,-78.9483770128091
26.296,41.1050388127792,-51.0187447654791
26.2965,84.3626139494787,-14.4835669428909
26.297,126.690098867125,20.4795330747674
26.2975,162.505184083265,40.2003317579617
26.298,185.528595368653,41.4938898773482
26.2985,190.341309817925,36.4127251043648
26.299,179.202817356776,38.6901878791486
26.2995,160.022759792931,49.5005294533233
26.3,134.602320619306,60.788604770952
26.3005,97.1250330032913,66.5652457597776
26.301,49.396070085554,64.3255524291939
26.3015,8.17559051613464,51.3216025144519
26.302,-12.572859554124,28.2720003950883
26.3025,-20.2567106781733,2.80176539799975
26.303,-32.1755562851928,-18.6898912613412
26.3035,-48.4893498086642,-37.4835170504026
26.304,-50.1257492900637,-52.2465960388564
26.3045,-25.146640969599,-49.7405602986702
26.305,14.3348469666268,-19.388321040351
26.3055,45.1947379077942,27.491773065298
26.306,54.190884482311,67.7429931637324
26.3065,42.8526045890476,92.0464908957635
26.307,21.5620836565706,104.658369696263
26.3075,4.68122775353189,103.043092125018
26.308,3.72902240273205,81.8571529936657
26.3085,17.6833031749472,58.0557094691191
26.309,33.0126243382857,63.0410647533041
26.3095,37.0462634347549,98.0321438850016
26.31,27.9563005865196,123.095801018967
26.3105,10.6331982057028,108.592909892321
26.311,-10.1176211627615,74.756090041351
26.3115,-28.979046003966,57.067075566944
26.312,-39.9861374755512,53.374505880432
26.3125,-42.0532316212981,37.541643471912
26.313,-39.8047190407694,12.3489941160314
26.3135,-36.2610406263268,9.55932084881677
26.314,-31.0564876193967,36.6949393607881
26.3145,-27.4839084444807,61.0869694732558
26.315,-31.2210713932781,58.2910758019633
26.3155,-37.5528896967878,44.4608428556218
26.316,-30.9356615441897,41.6981562217626
26.3165,-4.90291125295935,36.9900543288406
26.317,27.5543721712366,1.69100047868417
26.3175,52.0188510884185,-62.7379606285905
26.318,70.5598109978296,-124.378369192285
26.3185,90.908461330588,-160.112302712799
26.319,108.532825662027,-172.923304198275
26.3195,114.234996361654,-172.177353990427
26.32,111.756775514171,-158.14742792901
26.3205,111.507746033905,-130.929868861233
26.321,111.780548720965,-99.09384851715
26.3215,102.531849306683,-71.733645397884
26.322,84.2616679951434,-50.2185252108691
26.3225,66.4995976281658,-32.2117358560934
26.323,50.1488915363238,-17.1054892542006
26.3235,28.5144955647051,-4.7372990012097
26.324,3.42234134685276,4.70868087111359
26.3245,-18.9340766524989,7.09840162735161
26.325,-46.4726234658005,-3.24382566106057
26.3255,-92.5377389207596,-25.5001185699052
26.326,-147.011649771185,-52.7502128082035
26.3265,-182.003175535595,-81.9230650806483
26.327,-193.135245511312,-115.967262783922
26.3275,-206.940276517795,-152.86303297022
26.328,-232.797643421123,-180.238955825821
26.3285,-235.832893707,-187.415725027844
26.329,-182.89573263934,-177.974021519395
26.3295,-95.3905283900459,-163.355311667065
26.33,-26.452528957823,-146.637360059566
26.3305,3.26519309137589,-119.909059058154
26.331,17.4223001515095,-77.832611271225
26.3315,37.8237179861227,-27.8467766736612
26.332,58.0155414463727,15.3042681168424
26.3325,66.1797342928431,42.2994736056811
26.333,66.542303196598,55.719898088195
26.3335,67.4580260089829,66.958875029525
26.334,67.4980554135567,88.0896456971479
26.3345,63.4006101315541,124.277741062632
26.335,56.5640500995198,171.662217941507
26.3355,42.8659587532946,221.682012078603
26.336,10.2374800154596,265.611800265501
26.3365,-43.7125125237698,293.6940426506
26.337,-102.669339013985,294.591722704477
26.3375,-148.351391590989,263.751447030086
26.338,-175.771729634189,212.721629540569
26.3385,-185.175123020394,161.473206396134
26.339,-172.508859801832,118.02083374107
26.3395,-139.736672348964,75.3648205444352
26.34,-104.071220853567,35.499984387984
26.3405,-82.5019096343773,23.3564936561714
26.341,-71.7371267916505,57.8913313267429
26.3415,-54.5013940391537,113.484223583406
26.342,-21.7944645855928,134.241204059256
26.3425,20.296222549383,95.3574164593826
26.343,60.5736013806195,31.2295946329969
26.3435,88.5400995408554,-10.8609710354586
26.344,94.4155205327765,-27.8978178599774
26.3445,76.3715754467154,-51.897715532728
26.345,48.4036820315419,-96.3074981076176
26.3455,31.0939458900809,-139.518679619482
26.346,32.5910133084213,-160.50394805487
26.3465,45.0059127232981,-162.45114879821
26.347,58.3941594085522,-151.263552259045
26.3475,69.6101801409455,-114.215779110148
26.348,77.1962691071746,-38.9371242367693
26.3485,77.8848756929345,57.8036758742109
26.349,73.4821493172543,137.163589667214
26.3495,75.6524954322364,170.012849303796
26.35,98.311791102507,152.829639551199
26.3505,145.624529190227,101.116803939125
26.351,207.63145338724,40.1252166646031
26.3515,265.632621933392,-4.91887912622417
26.352,303.459800389331,-26.1408554044858
26.3525,317.987283043621,-41.3656384338408
26.353,318.662801591812,-73.780812963062
26.3535,313.940484331697,-122.420599212122
26.354,300.937296166884,-161.981212153137
26.3545,273.580061454643,-171.4417503324
26.355,236.796162790917,-152.53398578788
26.3555,202.120063908271,-118.897871725293
26.356,168.832187002333,-78.4488523118166
26.3565,120.963163077562,-32.5159290025448
26.357,48.1103116400261,14.5354244510661
26.3575,-40.173501496227,52.4150017753874
26.358,-127.806249325569,71.2924093368428
26.3585,-211.15689472564,68.6581787402633
26.359,-293.264470028431,49.6525152964706
26.3595,-364.061591150303,19.7929742647688
26.36,-401.479444878721,-22.8995331633014
26.3605,-396.418205572232,-84.5320238908416
26.361,-366.376232786103,-160.761306600782
26.3615,-337.002101640854,-229.894774828776
26.362,-315.892445072437,-266.996832857569
26.3625,-292.322879758855,-264.061592340947
26.363,-259.078531416124,-232.697629453342
26.3635,-223.849072122707,-190.415645274511
26.364,-196.494709704389,-149.585168312131
26.3645,-174.213085276222,-115.606825405718
26.365,-147.547655348698,-87.3810113046701
26.3655,-117.307382093302,-60.1239475157319
26.366,-95.3837555016884,-33.5239952836486
26.3665,-86.5558998634374,-14.8215295109698
26.367,-77.9343507088657,-7.7928946829219
26.3675,-53.1118395802422,-3.1994943877794
26.368,-12.4637616621003,10.5223923427048
26.3685,28.1396365760943,30.8220143337161
26.369,57.1406717379008,47.1204782499129
26.3695,77.6054125907368,61.3028579044601
26.37,96.5269742761505,87.5441902672078
26.3705,112.224616252141,129.174127799072
26.371,118.097641429092,169.779868706915
26.3715,114.239365977815,193.864344680789
26.372,108.598173590379,205.371720670636
26.3725,107.826539708758,217.846764729135
26.373,112.132886054143,234.362474891664
26.3735,118.449264432095,245.136220315683
26.374,123.23653274288,239.936269135939
26.3745,121.661744481966,217.484019326967
26.375,109.997472676861,187.157300818836
26.3755,92.0547150301314,163.483691900131
26.376,78.7773049496407,151.147274220293
26.3765,76.4870283379879,133.643867958096
26.377,77.5119678373639,88.8382158276031
26.3775,67.655786472193,21.1624524354907
26.378,43.2650963366421,-35.5278589078713
26.3785,16.9560180235789,-57.4957183609246
26.379,5.47437158130876,-60.6205833869265
26.3795,14.9052228578598,-75.8350278595909
26.38,38.226858725564,-105.793450398926
26.3805,63.0650552051412,-125.074289686486
26.381,79.5813577069032,-117.687048809473
26.3815,84.6405777311005,-92.9076717772419
26.382,82.181410358212,-64.0094093616484
26.3825,77.9164083238988,-33.4771185099483
26.383,71.5865779077038,-5.60411842992769
26.3835,57.6438972337583,6.85570702128
26.384,36.2440605312196,1.50114686061575
26.3845,18.0716076286678,-3.07834212360432
26.385,11.383146910222,9.94170846480516
26.3855,7.83173574303175,33.3821216834881
26.386,-9.58308208721722,52.0198835482862
26.3865,-44.9107277377036,70.2616307846526
26.387,-84.6177035304798,102.131295761797
26.3875,-114.922662368796,136.887754382326
26.388,-133.108545816404,139.579259775821
26.3885,-138.990819618056,94.1468327541536
26.389,-128.178399929264,26.7657638722936
26.3895,-102.662046125359,-26.822254855304
26.39,-78.2053519791854,-62.3047558586454
26.3905,-69.1589620413897,-98.2022355415061
26.391,-71.1557070542361,-137.562595398757
26.3915,-69.8206215078277,-161.699615241524
26.392,-61.9547871309538,-161.493359128134
26.3925,-55.5660387561097,-152.467658380453
26.393,-51.8437714070086,-150.605445283272
26.3935,-41.8762235078172,-149.932047372349
26.394,-22.9758519883825,-135.417870001039
26.3945,-4.99069218395383,-105.654755149589
26.395,3.9687437708317,-70.3367113988314
26.3955,7.0307346992392,-35.767127124475
26.396,9.02502778584012,-7.51260134280371
26.3965,8.25383761291873,1.20884994853175
26.397,4.36995427508354,-17.0031191706847
26.3975,4.68576122088342,-43.7601410283159
26.398,13.991678567427,-47.4692928306723
26.3985,25.3933652932211,-20.6243543355819
26.399,30.0549482628911,9.78876250078477
26.3995,29.7847103696765,14.9434666065254
26.4,30.1371083016104,-4.96254885427962
26.4005,25.8304762945133,-28.6548865929856
26.401,4.80865856176409,-39.9478674183345
26.4015,-33.2694509185682,-35.6790759416726
26.402,-71.8432986346495,-16.9188403947022
26.4025,-92.7629268058157,13.7797321310988
26.403,-91.4836620238764,47.3124151696354
26.4035,-77.0518787212352,69.4506858224986
26.404,-62.1853966201889,70.0261793911244
26.4045,-52.5469441991715,49.5359205877427
26.405,-39.8545255400686,19.163897763176
26.4055,-6.07516953199006,-5.3500401766147
26.406,58.6167382878743,-16.5491344014962
26.4065,140.513672783873,-25.1291566721214
26.407,210.699514696786,-49.4891468733529
26.4075,250.976033135142,-90.2105844631926
26.408,267.232754875479,-122.589640047925
26.4085,275.609700416569,-122.030225385306
26.409,281.01433262507,-90.1365603513111
26.4095,273.804675551111,-46.7674473073553
26.41,244.95791168862,-3.12228992404521
26.4105,199.473822446655,44.1200781128397
26.411,153.38460132186,94.7035656103089
26.4115,118.343961724236,136.437945711371
26.412,89.3185463255885,159.987786812164
26.4125,48.1086040136433,171.466335649401
26.413,-18.6507236979492,182.348922583188
26.4135,-102.710722439746,191.502263305045
26.414,-175.037315285907,184.084752183276
26.4145,-205.602219956943,147.965007719815
26.415,-186.857799367284,88.2934565365813
26.4155,-141.664323826223,25.9567235353243
26.416,-107.571283268308,-17.5585518765858
26.4165,-108.593778698637,-35.0104130208434
26.417,-138.573488525223,-35.0288924831178
26.4175,-170.995873512032,-30.7604448713032
26.418,-183.405354552823,-29.0042320010039
26.4185,-171.198263657457,-29.8428562975038
26.419,-142.997995524702,-31.2627838989005
26.4195,-111.505654498038,-29.3893938428554
26.42,-89.0679424556728,-17.233013886814
26.4205,-82.1994773472567,9.66956096556439
26.421,-85.2134916602551,44.1046016654501
26.4215,-85.6288721069325,67.3088074385007
26.422,-79.9934479430002,62.6195782998815
26.4225,-77.0008623273551,31.766386829145
26.423,-80.1334672621652,-2.1622323108436
26.4235,-76.965700440464,-12.4659592612386
26.424,-55.2549554494882,4.49839055315513
26.4245,-22.1602568087016,21.9797914909544
26.425,4.16357869426742,10.4046844301902
26.4255,16.7089716761473,-26.8803390309069
26.426,20.6783036068476,-55.4565852373614
26.4265,16.9420672092929,-50.8428736882656
26.427,0.483841474916925,-25.5701987337173
26.4275,-24.3370081109584,-7.67827835466481
26.428,-42.7544693449052,-5.7728551375508
26.4285,-48.1316106306341,-10.1761753059861
26.429,-48.3122618774237,-17.6120079218773
26.4295,-48.4462219419313,-32.3996081865273
26.43,-40.9621210267762,-46.0050583605358
26.4305,-20.878999573944,-39.8112473123094
26.431,0.638470478911934,-14.1144100794355
26.4315,9.20151115532847,6.71402301203417
26.432,5.92660772525771,7.58688579566675
26.4325,2.32399759004321,1.29731206222449
26.433,2.27308331800883,0.192095644724328
26.4335,0.673079996392644,-10.1406895822312
26.434,-2.76811477783284,-45.7518719979466
26.4345,0.615845841212063,-87.1187463776279
26.435,18.6539567299657,-97.118281048166
26.4355,52.3715568374444,-72.8572160297853
26.436,99.2048910333332,-49.0117895664046
26.4365,153.675376821029,-44.578360828309
26.437,203.925392840105,-37.4538631181695
26.4375,236.038457669976,-7.38355978481392
26.438,246.073715899845,24.367013363517
26.4385,243.531006761302,25.8034095021505
26.439,240.328683959589,6.21700009323594
26.4395,240.318532570816,3.13109140105847
26.44,241.737847800278,23.1793670610999
26.4405,244.312277063736,31.7127388595436
26.441,247.390742561619,7.97566488747143
26.4415,242.384979029852,-21.2953033426475
26.442,214.439142790731,-19.6535525583979
26.4425,156.308597408033,12.2902230223457
26.443,78.5494685174059,48.3380401702464
26.4435,1.80833578487488,75.2128788800834
26.444,-60.8902730438762,94.3630557340206
26.4445,-111.125683854684,98.7987953301584
26.445,-155.719498396049,77.8288030487697
26.4455,-196.718918055005,41.7563567072525
26.446,-232.341631671169,14.7442317255776
26.4465,-260.373486121636,0.270338177054219
26.447,-275.143748463286,-22.4573046358596
26.4475,-267.764201965014,-61.5256274028681
26.448,-238.252585653315,-93.6334716680574
26.4485,-203.38856385359,-92.6482086892224
26.449,-181.757853294195,-59.8589415715121
26.4495,-171.477938621457,-15.6399953933944
26.45,-152.793873233994,23.5793907427958
26.4505,-113.966943811558,48.8799082717955
26.451,-65.3376947980796,53.6260259805884
26.4515,-25.801500798335,38.525828218103
26.452,-4.35023018640386,13.5464897567981
26.4525,2.49450849247176,-14.5006806999538
26.453,4.20590468429628,-47.3684872548767
26.4535,11.0852496873434,-82.5951206467869
26.454,27.2970261283952,-109.659320327654
26.4545,45.0783700415247,-127.685125636024
26.455,52.9662508532298,-150.380092850175
26.4555,51.4171267016927,-180.666426637114
26.456,50.5384940433329,-197.922737703503
26.4565,50.9421750669796,-187.700016885418
26.457,41.3190321414536,-166.735200254524
26.4575,21.2593840573037,-155.331346112011
26.458,10.966189826951,-139.450224950643
26.4585,26.0846347112114,-88.9001827236423
26.459,54.6736415567905,-4.62435926523761
26.4595,73.0160434284977,82.8121879084191
26.46,74.5851217139526,158.145926843665
26.4605,68.036798102428,232.072352389896
26.461,55.0342012993389,304.62486652105
26.4615,29.3578428233477,351.633860554862
26.462,-4.63953933772349,358.756735493056
26.4625,-31.3682798006541,340.11175401106
26.463,-44.0749485911361,308.829397811117
26.4635,-51.0273773981145,256.185002008571
26.464,-58.7825820214013,179.389333088523
26.4645,-62.0074578076539,106.370437206036
26.465,-53.5560865405383,66.6926531650572
26.4655,-33.6792295187368,51.2377516509148
26.466,-5.3280184810423,25.4535122096368
26.4665,30.1923295206621,-23.6781410574812
26.467,68.7366437870491,-73.6372399733096
26.4675,101.783959829166,-95.0903284386352
26.468,122.35490209877,-79.0778455374336
26.4685,127.217537079067,-40.6773522269517
26.469,114.006367180187,-10.3093945877544
26.4695,83.665943390061,-16.4102198926614
26.47,44.441567351532,-61.6537888053924
26.4705,4.72671148551203,-117.901345946103
26.471,-36.06077202367,-153.902752077957
26.4715,-79.3009750681255,-162.069135051105
26.472,-113.373717452009,-150.296271983062
26.4725,-123.119174088206,-122.038558016581
26.473,-113.309278927805,-82.4097037769613
26.4735,-106.355507661669,-52.3249129435082
26.474,-112.866383296502,-51.742323788434
26.4745,-119.918383489158,-71.120157691237
26.475,-113.61034795091,-80.7499444336898
26.4755,-96.9763052035462,-68.0338977663721
26.476,-77.702046091436,-46.1677650578674
26.4765,-54.4645016220272,-27.4206669204985
26.477,-27.2199860683845,-10.4903883805702
26.4775,-7.08873758371907,3.49163078320719
26.478,-1.84998698671398,6.17646796605363
26.4785,-2.08016826421524,0.338319273373582
26.479,4.34845649701915,1.69374263914603
26.4795,13.0497251421,13.0951078875938
26.48,12.7430068055618,16.4222235744028
26.4805,6.09572204762251,0.917489524573195
26.481,5.34985227470078,-19.1365188556046
26.4815,12.7429327631884,-27.6338603462741
26.482,20.9748917096916,-29.395198358236
26.4825,29.5126822316334,-34.3598567940369
26.483,44.8965393269371,-35.659758825833
26.4835,66.618015989798,-21.8989868457104
26.484,87.2684766135353,1.97290600417204
26.4845,105.394012447836,25.143499595516
26.485,123.526498907417,50.302142842604
26.4855,134.710011669167,81.7246226000214
26.486,128.213745514484,105.246421113464
26.4865,111.097588568694,105.611411109126
26.487,106.850201050483,97.4118523162245
26.4875,125.77234972131,110.721130658891
26.488,150.665667956961,146.080758105327
26.4885,159.56100473882,171.3793495071
26.489,149.904539764867,167.462474957635
26.4895,131.088871884121,148.138014413006
26.49,105.22588646692,124.797371180213
26.4905,68.8417386864802,80.899046232762
26.491,26.8913166711755,3.07044860189437
26.4915,-8.89035752616315,-84.2097184846739
26.492,-34.7043750151604,-142.150985661664
26.4925,-57.5284168764839,-164.117115961051
26.493,-82.0439531788416,-172.206526759887
26.4935,-101.872601692797,-174.475037492836
26.494,-106.6052443192,-155.326437078772
26.4945,-94.8297552370611,-111.845684966969
26.495,-78.8110900824341,-72.0230989440478
26.4955,-75.5529331149957,-62.6448805310111
26.496,-90.3536213111481,-76.5170147271034
26.4965,-109.019924259794,-86.9453765269281
26.497,-111.260147367189,-82.8218461648327
26.4975,-93.426337212701,-73.034907994958
26.498,-72.3387656785885,-63.7468176950268
26.4985,-64.1715697986426,-49.8414442505923
26.499,-66.8422372007775,-28.8149634857881
26.4995,-68.2636728873607,-7.41973831549797
26.5,-64.2685976758326,9.76670826891766
26.5005,-59.5048402748214,26.3411068264545
26.501,-55.6127958813691,43.2471076765599
26.5015,-49.3270616125592,53.0768961614942
26.502,-41.2205700629182,53.4712734707685
26.5025,-36.4816423537296,57.0417890725594
26.503,-35.8296206366719,76.7447473910185
26.5035,-34.076117244527,107.14167159793
26.504,-29.8769396801651,132.053927163768
26.5045,-29.1399840383855,145.911438331088
26.505,-35.1856181924519,152.012707847927
26.5055,-42.2290595116925,141.566388847597
26.506,-43.5350231186565,95.6507900121641
26.5065,-41.1212158683955,16.5618854440147
26.507,-41.9882126191725,-60.677829639121
26.5075,-47.8666699932445,-103.064235637685
26.508,-53.7432391229408,-114.064756424012
26.5085,-54.4968076386623,-118.170331813307
26.509,-48.2635407846258,-122.966789377818
26.5095,-34.3823861602938,-117.81444721911
26.51,-12.4657591016247,-102.957685358444
26.5105,16.3911144506918,-93.6601877277748
26.511,50.273483736135,-94.1684622186079
26.5115,87.5127611098826,-93.1350307535721
26.512,124.385787334735,-90.9606878260044
26.5125,153.717925514015,-104.682009089038
26.513,170.517887532554,-131.627960768863
26.5135,178.550031162093,-133.618201574431
26.514,186.194332365411,-81.1647213578831
26.5145,194.773829918188,2.69312089915973
26.515,195.484624700178,68.0317663920268
26.5155,179.309993474748,97.8855755182531
26.516,145.686643183931,118.402252136482
26.5165,100.163706417893,156.651627710999
26.517,49.3130434236154,214.293344223709
26.5175,1.10627718862265,279.907796181564
26.518,-35.8737767474885,339.786577359498
26.5185,-59.6166035502987,373.325988076174
26.519,-77.0698593987982,362.777050572363
26.5195,-93.3610037844109,314.194523592101
26.52,-102.833129074284,248.334804721944
26.5205,-98.6708806965747,168.655911619232
26.521,-87.9157882212394,64.9152747907189
26.5215,-85.9372310115401,-46.355758610333
26.522,-95.4816883214781,-119.329361681783
26.5225,-101.744303516696,-135.387330274509
26.523,-91.180122739951,-132.612923019762
26.5235,-65.7743247823118,-153.585535019435
26.524,-34.9357400149435,-189.095959121778
26.5245,-3.39767117383832,-204.470885907324
26.525,26.3795769080583,-198.547123433707
26.5255,48.966388027866,-194.550468038358
26.526,61.9097780337077,-185.000958303549
26.5265,70.1947586048984,-135.570471257057
26.527,76.3113231365255,-49.5070033851801
26.5275,72.8357086291568,17.3241454482388
26.528,55.139801108804,25.3266415683686
26.5285,35.0654774779078,0.6639684671852
26.529,28.8414817788294,-8.22398987334345
26.5295,34.6203223783027,4.0618040186812
26.53,35.3191377111915,7.63645397426676
26.5305,22.3847055472155,-8.3895110869316
26.531,3.28675173453491,-23.3397933015413
26.5315,-14.0839502759703,-21.8302630808116
26.532,-29.1699760165158,-14.3310549752712
26.5325,-38.6755932426413,-16.6912997754146
26.533,-35.2427127404536,-28.6402699838537
26.5335,-23.097517447578,-38.3185070916082
26.534,-20.5435479118337,-35.5672950139504
26.5345,-37.0847723620887,-17.6057441083475
26.535,-59.6224889154695,8.03917372647613
26.5355,-71.5038515274563,24.7183427505478
26.536,-74.1155313548322,20.8307888944408
26.5365,-77.3188850378407,4.19883369749163
26.537,-78.6283892019874,-7.07382501001886
26.5375,-67.8017363224716,-8.74620060407725
26.538,-46.5569586121389,-14.6590151061027
26.5385,-27.7815684501584,-33.9414844864648
26.539,-17.224094621232,-54.4361542759867
26.5395,-10.3311272142703,-55.2529967508092
26.54,-5.91077232550886,-29.7815073251967
26.5405,-7.58417431664091,9.37199281790354
26.541,-10.3771665875126,44.4073628695981
26.5415,-1.56565782917452,66.2700111595594
26.542,19.8128069181368,76.4721397564389
26.5425,37.4727268608752,79.3509130195151
26.543,38.9137954334213,74.3706711639911
26.5435,30.749177329238,56.7963241395621
26.544,24.8506879592447,25.3150732317277
26.5445,19.3625659549694,-14.4489602394702
26.545,4.73911488152064,-55.226484133942
26.5455,-17.5035618023829,-92.0037794692727
26.546,-34.2170029323482,-117.916915873103
26.5465,-37.5975500583888,-123.715427918238
26.547,-33.2896667192082,-109.192546565752
26.5475,-30.484579614542,-89.9133475770782
26.548,-30.5952469417574,-82.1061411174746
26.5485,-27.6405956918482,-82.882649563587
26.549,-15.7999972087569,-75.8922087410353
26.5495,4.84410527016333,-55.6809583029805
26.55,27.8293128379741,-34.2651731212194
26.5505,45.3040266300331,-21.0476392459489
26.551,54.9570452640148,-8.28639890883853
26.5515,61.1963957208425,16.7228846988405
26.552,68.5311906442818,53.2540726758771
26.5525,76.20918107281,88.1610922121783
26.553,81.0067810154321,109.95015298616
26.5535,81.5575369037682,116.136125816836
26.554,76.3248190311701,111.758918045885
26.5545,60.9815975387826,106.741477180345
26.555,34.0107430201653,110.404889570079
26.5555,4.18495301477027,121.520373418527
26.556,-13.4475004659201,125.508752998225
26.5565,-11.0892072487861,107.223632313212
26.557,4.71903615658883,66.4084319242974
26.5575,19.6160132834047,17.8621063147038
26.558,22.5917963807375,-21.2211399620925
26.5585,12.1502974287745,-40.5785668558962
26.559,-3.54424429444342,-37.293468145693
26.5595,-11.698029199426,-14.4724005870555
26.56,-4.80713033175866,18.3537421684611
26.5605,11.6657733789549,47.6405998671732
26.561,24.2271449932701,63.076740621549
26.5615,25.8549213283194,64.2545516625121
26.562,22.4674950271866,59.7512251585774
26.5625,22.6126629426318,57.5517703822043
26.563,24.7896330916686,55.5299980133419
26.5635,20.3785960796513,44.594644656395
26.564,7.46006068616257,23.840619454979
26.5645,-5.07528947158852,7.49885618949082
26.565,-9.32464884140775,9.1896133939374
26.5655,-9.14969221407524,21.6472828853346
26.566,-14.9854740336781,22.5644207450275
26.5665,-30.6756713026744,2.56338096806571
26.567,-50.0595712802477,-22.8910641068035
26.5675,-65.2848315445122,-34.6570763627667
26.568,-73.3410993265868,-33.8222582990028
26.5685,-74.0638525557855,-36.0784289765437
26.569,-67.470273191772,-48.2452532008124
26.5695,-56.4956179266614,-60.2334822887373
26.57,-48.6434456213726,-58.6512224044981
26.5705,-50.2387103573714,-40.4886931106779
26.571,-59.8905708823811,-13.0716032013598
26.5715,-70.5439352698472,13.935202958118
26.572,-76.8240936333648,35.4524267153312
26.5725,-77.6441520315687,52.4592793551859
26.573,-73.5278978163119,65.6797388263689
26.5735,-65.8213393775381,66.9919683355175
26.574,-58.0805093092517,42.410456925234
26.5745,-53.3971432981733,-11.4895749130563
26.575,-49.0313128293491,-77.847130491404
26.5755,-37.4574577014347,-131.646022668443
26.576,-14.5951548871392,-158.954749781956
26.5765,15.7325071709784,-160.110652547409
26.577,46.8597973276323,-139.698875660898
26.5775,75.5281215342405,-102.722816799545
26.578,100.763543261938,-59.2127899494623
26.5785,119.307845299887,-23.1639510065575
26.579,125.902261554039,-3.48341302106936
26.5795,118.230744203658,0.890763848321982
26.58,100.26662473857,-2.76078161358429
26.5805,81.0247339958555,-6.81961710409993
26.581,69.8322713834842,-8.65523228052755
26.5815,70.2857884391826,-14.5208557459134
26.582,77.2091121132548,-33.8516992552962
26.5825,81.2046758755187,-63.6818800968212
26.583,77.5859460379639,-84.4352333651804
26.5835,69.0388703401461,-80.6963271623738
26.584,58.3996391943336,-61.3155907801763
26.5845,42.3331079737035,-46.5340355575809
26.585,16.2335101376707,-38.7907413839774
26.5855,-16.0972427876786,-22.8395367154396
26.586,-42.7249619926193,4.34977414502894
26.5865,-55.0839858214753,22.8772745664835
26.587,-56.0696055249002,17.1137548917737
26.5875,-54.6245479282733,-2.43402776135311
26.588,-54.8302443713007,-16.3384770224793
26.5885,-53.7639465134184,-22.4496098820835
26.589,-48.9756553217806,-30.267817081887
26.5895,-42.9525488784349,-38.6239114264802
26.59,-37.6265237706242,-36.1569323090887
26.5905,-28.5597534078297,-20.3089267732879
26.591,-10.5151191085068,-0.456640103907019
26.5915,11.6284445579586,16.4015364527699
26.592,23.7436435768292,28.8673543495707
26.5925,16.6706865174535,31.4697125187723
26.593,-5.20200322769876,19.0975735839427
26.5935,-32.030341971669,5.20397955189062
26.594,-58.6892316077753,18.7982887534125
26.5945,-81.3001013535891,72.0757044883408
26.595,-90.4826792814966,140.452082521689
26.5955,-79.2021732253449,185.654050875756
26.596,-55.7829332202731,193.676152646304
26.5965,-37.64325598019,181.96958602881
26.597,-29.8978306540805,175.198432063947
26.5975,-20.4357609834791,184.743064016898
26.598,-0.103160805058324,209.279494462486
26.5985,22.9128607011729,242.166218035482
26.599,36.3819475864158,271.897784610971
26.5995,42.8328478180289,280.922957958075
26.6,54.0132867421944,252.199497508094
26.6005,70.8352184664026,181.440636805097
26.601,80.4493325909026,84.5935742740614
26.6015,73.8915801257081,-8.35757879650252
26.602,57.5526816073108,-72.2338332082782
26.6025,43.6001973184364,-103.479579015422
26.603,34.1392399133338,-118.063450881224
26.6035,19.0753416434683,-132.765391951922
26.604,-10.5339596458063,-151.766536927435
26.6045,-48.1021433505705,-171.2569557875
26.605,-73.0156824116708,-188.80408908603
26.6055,-71.0248252802287,-201.590075767073
26.606,-52.2169587775647,-200.811625480901
26.6065,-40.1988056591624,-177.745380191208
26.607,-41.350785097352,-136.098505087274
26.6075,-37.1442299579794,-92.3150079802184
26.608,-15.1778215402623,-63.1097855967353
26.6085,5.92765194358609,-56.7775879560524
26.609,0.0785543795880396,-73.9353717815646
26.6095,-26.1991968393376,-107.831205333505
26.61,-40.7368699582374,-142.526209718873
26.6105,-33.4446932107316,-159.55492655228
26.611,-32.2307636158716,-151.931288815967
26.6115,-60.7587123339966,-128.087714224032
26.612,-101.101774388125,-100.107667186831
26.6125,-116.132152347701,-73.4365324691148
26.613,-95.6153616266373,-50.1738955258329
26.6135,-60.3274309899105,-34.434601296563
26.614,-28.7523136542793,-27.7046744623395
26.6145,-1.96099752157541,-23.7493088053394
26.615,19.7936807783434,-15.593473730981
26.6155,28.4475023791344,-5.34302021362421
26.616,24.6191541392276,-0.756958307666791
26.6165,26.7201103124517,-3.77451327810897
26.617,50.983579138138,-8.76732486107719
26.6175,90.2581735015264,-11.1617184419845
26.618,123.430914821428,-10.9990028772473
26.6185,141.341764572856,-7.37064267600885
26.619,152.777041515493,4.05638402797853
26.6195,165.625725337218,25.1495792317293
26.62,172.627247810544,51.0677991723999
26.6205,161.736115375604,74.0602323529169
26.621,136.276295847993,88.0637146658507
26.6215,116.360231430085,88.3701497930511
26.622,116.116845340056,72.4407527501041
26.6225,123.571597022332,46.2564379094427
26.623,111.44126902779,27.1016459564077
26.6235,70.0372992786563,33.2222332357205
26.624,21.5757004701139,68.3492752693144
26.6245,-4.59192045336825,119.369700263209
26.625,-4.90601927918685,170.871555194001
26.6255,-0.648397925654033,218.440383572707
26.626,-8.3202023381136,263.836380801183
26.6265,-23.2375276416801,300.613319083165
26.627,-32.4540053381521,313.958759527553
26.6275,-30.6374978336899,298.456477195303
26.628,-18.9480752827814,267.764191677341
26.6285,-0.968367103491801,237.9964402148
26.629,11.9409190604336,206.664225549428
26.6295,2.21991746265783,159.774610317289
26.63,-34.0803504120966,97.2975275635436
26.6305,-74.2284109198126,35.6051832428674
26.631,-88.2380748064519,-18.9907809207913
26.6315,-70.6902258279118,-81.0827276613546
26.632,-43.67110593838,-157.956277320163
26.6325,-28.9473957604265,-224.759796054036
26.633,-27.6367450325286,-247.820433287049
26.6335,-29.1843723688916,-227.882565233334
26.634,-30.5244802964123,-200.688470368793
26.6345,-40.4044380077246,-193.676738654525
26.635,-68.7616022771744,-199.587638517945
26.6355,-114.860391974225,-197.212400430618
26.636,-163.285312543359,-181.465720838854
26.6365,-192.152401004378,-163.179023022017
26.637,-191.215182288876,-150.785197457427
26.6375,-173.042970921021,-143.649422753355
26.638,-160.164715218157,-137.902460572857
26.6385,-158.950984141565,-130.721565824746
26.639,-152.048280208484,-122.509988418617
26.6395,-119.407588610228,-118.868662007706
26.64,-61.2166747980839,-124.004120784643
26.6405,2.890703790192,-128.230989814565
26.641,51.2010658647125,-111.055258312231
26.6415,72.6337169430516,-64.1195970469118
26.642,69.1285605729813,-4.17843960165882
26.6425,52.4457808499097,43.8930961031576
26.643,34.9455108948161,70.2414192537824
26.6435,17.6925855531344,79.6475236785641
26.644,-9.06887282909939,77.6743904272603
26.6445,-48.7897901935025,68.632170165109
26.645,-87.196409647008,60.3935480203333
26.6455,-105.552349328328,57.4839643644446
26.646,-101.471376877369,52.1315582992747
26.6465,-88.1414461405817,34.4923881936538
26.647,-76.4815811453931,9.95496291753354
26.6475,-68.3734686039274,-6.16278721122901
26.648,-64.218464087727,-10.4587573838694
26.6485,-62.0916361090301,-14.5550162444872
26.649,-47.486999200893,-24.0637539015328
26.6495,-0.892604486560313,-27.1944202107537
26.65,74.6421272152083,-10.3080786488184
26.6505,146.020083272562,23.8213261440865
26.651,183.03043978948,58.9350241429081
26.6515,190.441871798524,80.4871178039422
26.652,194.070895844169,84.3736071768176
26.6525,203.088828337553,76.8318187229815
26.653,204.993924974342,69.5419691222029
26.6535,195.543988275413,70.0718063391963
26.654,191.100900294082,75.1589152305961
26.6545,202.973032740264,78.4568007707047
26.655,216.61980591252,84.2922509923783
26.6555,208.953417866008,104.167784447617
26.656,175.020237362041,137.143169013216
26.6565,125.860932967105,164.210539649452
26.657,71.6753236661339,168.004519332074
26.6575,22.9883075073748,149.415639650318
26.658,-1.39731570688133,118.52438867056
26.6585,9.60826308322413,79.0158193480755
26.659,35.7684854334004,31.8723773710982
26.6595,39.080795985213,-12.8772892112474
26.66,6.72138303799586,-41.5803611733315
26.6605,-36.4830274529285,-52.8446806890664
26.661,-64.2401257373628,-57.6096695826971
26.6615,-77.914505032147,-63.5789745164549
26.662,-87.6689189232229,-68.9934369275412
26.6625,-83.9821858988372,-72.4374469603741
26.663,-50.2592108493411,-78.6322443981644
26.6635,4.9564993043866,-90.0282525304797
26.664,51.2574179180042,-99.8454074852944
26.6645,71.7882109120128,-99.7520381518755
26.665,78.1384763139113,-91.4129448360883
26.6655,89.1318389215235,-84.9674583262666
26.666,110.550598684137,-85.9087908109838
26.6665,137.341909866922,-86.7743021422072
26.667,159.680272114858,-74.2306726970781
26.6675,163.029072055029,-44.7253028470034
26.668,137.600349803788,-10.9501733532985
26.6685,92.8094479944902,10.4811928738518
26.669,47.2506939092426,17.164431492906
26.6695,-0.708746984478645,21.8575724561794
26.67,-73.5781612600421,34.7111326764631
26.6705,-175.641161024241,51.8153651757373
26.671,-272.561707671428,65.3295689525593
26.6715,-328.096417333371,76.525895460791
26.672,-347.017090758196,89.5467728255237
26.6725,-360.419042470986,97.5844145982007
26.673,-379.119452574445,87.3277971191494
26.6735,-387.212747539108,56.9171083052399
26.674,-376.892340426666,19.8871498590413
26.6745,-359.711165854216,-8.65493312669092
26.675,-337.657253233301,-20.8611339571902
26.6755,-291.787291453581,-13.8688135631268
26.676,-216.682550332747,6.41103574827892
26.6765,-146.052794530694,17.1197062684943
26.677,-120.623812487649,-8.27637601066701
26.6775,-137.97075185936,-67.8862920013963
26.678,-154.256119062113,-124.926721631019
26.6785,-134.614997280571,-145.674637357128
26.679,-85.4877461678223,-134.43125416149
26.6795,-34.8535233472427,-118.083015278024
26.68,4.73484082421907,-106.478003879428
26.6805,44.8343456433909,-87.4843633326304
26.681,100.129551391959,-56.9259764129096
26.6815,167.879156993398,-30.765008684128
26.682,228.711181298008,-21.8699318508599
26.6825,264.477472539478,-21.7346724117123
26.683,274.355578282753,-14.4734503309125
26.6835,274.133922189572,2.49189809775316
26.684,280.721935025316,20.1196983382029
26.6845,298.229324133128,30.7260697308514
26.685,317.664811540815,31.0815006674319
26.6855,326.425947170416,20.4387993132874
26.686,317.584241695533,3.7179071863935
26.6865,294.79420604685,-9.28541317781237
26.687,271.061733906974,-14.1042475582919
26.6875,258.630346071556,-13.7908510715486
26.688,256.168721407637,-4.96951022998518
26.6885,249.430538498028,27.2053972161814
26.689,228.975304382331,87.2719917835511
26.6895,203.197480488086,149.203016639421
26.69,186.624576467229,173.695756522925
26.6905,176.926260703899,147.447846273227
26.691,152.137004012257,96.1748865453212
26.6915,93.8345379690463,58.1426393988474
26.692,8.64516751069991,51.7679537167601
26.6925,-75.2898337105862,67.6223546729553
26.693,-130.079265160071,83.3403287846793
26.6935,-147.249496142768,84.8011675203025
26.694,-142.999495233826,77.2734851463849
26.6945,-147.608826617571,75.1034564388163
26.695,-181.43093857622,79.5026927427632
26.6955,-232.775067158313,75.2984466937846
26.696,-263.225275013963,55.0557583503933
26.6965,-244.752927808476,32.2871770043965
26.697,-192.21377579965,16.0531922201837
26.6975,-150.560453036031,-13.8092177008877
26.698,-147.718098754343,-80.8960003119137
26.6985,-169.1421916199,-167.29206483715
26.699,-183.335866998648,-224.197244934078
26.6995,-180.883879582147,-231.28438716901
26.7,-175.54758130947,-216.166181329468
26.7005,-173.924829936774,-204.938755868254
26.701,-163.651581512476,-184.60632476907
26.7015,-135.770465799619,-135.493020043005
26.702,-101.762788709948,-73.9726771739134
26.7025,-77.1133551594081,-31.9242791178132
26.703,-59.5282728944526,-9.70233264869129
26.7035,-37.3180004671014,17.2443729098228
26.704,-11.5073702110591,52.6113842381744
26.7045,6.78442666196457,74.0098731529518
26.705,17.3815345355127,74.0383818002936
26.7055,31.3711875067598,74.2426430002535
26.706,48.651291860758,89.3902359783961
26.7065,52.8303665767417,105.017330298624
26.707,35.3978719265722,103.543437623926
26.7075,9.88923689472304,89.887514487592
26.708,-7.70017358155516,74.8629096936365
26.7085,-19.0102003301729,52.1543085374864
26.709,-30.4178784068172,12.3768432832313
26.7095,-30.8305211970016,-31.9059528559299
26.71,-0.405385823756963,-56.6446320904946
26.7105,61.0760967858012,-57.5663437892976
26.711,129.255440133426,-53.5427389072553
26.7115,178.857657808577,-59.5629440677268
26.712,201.22456970704,-70.3634190529854
26.7125,200.325581721481,-71.6630235349718
26.713,185.881012912552,-55.9249859116035
26.7135,172.638448084905,-24.9401079956841
26.714,172.438427371538,13.5192102924592
26.7145,180.511364908459,48.0969748731219
26.715,179.098846291101,69.5830816321061
26.7155,159.583561368258,78.1445239055356
26.716,131.423247012346,82.3744462270556
26.7165,104.057884077696,90.5658081242702
26.717,71.3189889739072,104.32931870062
26.7175,22.9005795677749,117.186572270335
26.718,-37.911712031232,114.615455128324
26.7185,-99.1562851182089,79.8694511489244
26.719,-155.777950962285,9.83731916213276
26.7195,-207.270126788062,-72.9934296002884
26.72,-244.432510703217,-132.003541921721
26.7205,-254.780117565265,-144.983668088685
26.721,-243.300993835996,-119.824374573749
26.7215,-233.345230753421,-81.8928716254784
26.722,-239.305392668918,-50.2933712019858
26.7225,-247.966329260121,-27.8568231453794
26.723,-236.115786458293,-9.06131322174575
26.7235,-200.911799073911,7.75049739217479
26.724,-162.629238620606,16.3664692770575
26.7245,-138.596416777257,9.09344120265808
26.725,-123.998375077439,-13.0436054286679
26.7255,-102.070591752769,-36.6277200493737
26.726,-67.1268004649977,-44.2718954652227
26.7265,-30.6418687762433,-28.9909793478195
26.727,-4.69156531204386,-1.54168777027863
26.7275,15.0244105666595,16.2521699292152
26.728,45.4290339649893,7.45401771006126
26.7285,97.0073357578151,-26.2407152929204
26.729,163.35427213049,-63.6200774982143
26.7295,230.262988584125,-78.5673011285877
26.73,289.029128496656,-59.5312137733146
26.7305,336.583081689401,-16.1386871269119
26.731,368.918706241382,33.3079798397038
26.7315,384.421363720613,79.0400076406815
26.732,392.105249470593,122.961124445808
26.7325,404.318209222619,167.085285380352
26.733,416.980126143468,203.606938981821
26.7335,407.906359180245,218.526270059757
26.734,363.003007463724,203.872367102034
26.7345,295.187591090181,165.085367053332
26.735,225.865582270424,116.422507227698
26.7355,155.504642093403,69.6690704483658
26.736,70.6598066038839,28.2943325854645
26.7365,-20.8682578951831,-7.05204070780481
26.737,-84.2058993503748,-30.5148668626316
26.7375,-98.1310012596289,-33.9834997757019
26.738,-85.8170036501678,-19.2286590233273
26.7385,-88.1519891758211,-1.67654924433045
26.739,-115.90607379895,2.54853400546694
26.7395,-147.85210415563,-8.98400698958461
26.74,-171.534652459718,-27.3579626715782
26.7405,-200.909269195467,-46.364099660803
26.741,-246.16055137882,-68.6208375091764
26.7415,-287.948796533,-98.2947511630876
26.742,-299.90056859611,-133.501172028695
26.7425,-285.79909831167,-167.491081274806
26.743,-274.569512694191,-192.968960520963
26.7435,-280.599464732573,-203.229522970829
26.744,-287.306427204345,-193.470304875966
26.7445,-274.730310747673,-165.441885353154
26.745,-248.896584049521,-129.502030931008
26.7455,-233.219526055813,-98.3338772328784
26.746,-237.433237064029,-77.9701149851523
26.7465,-245.902049641234,-66.5496496737957
26.747,-237.214131277209,-61.2570641126371
26.7475,-208.94205555722,-63.0379037596849
26.748,-179.506836077849,-72.097588411832
26.7485,-166.32095402056,-80.6448939003112
26.749,-164.202320082023,-74.9206203875034
26.7495,-148.318280853068,-47.2735130311328
26.75,-100.442404889273,-4.12485459025228
26.7505,-29.9268296359273,41.5055515895665
26.751,35.4107841306646,83.9793613777079
26.7515,77.9729935154558,126.274612660128
26.752,104.670697565686,166.521567753083
26.7525,132.818739011986,190.287375635877
26.753,169.286229165021,182.685092210767
26.7535,207.791560604172,146.185224317176
26.754,241.106215943302,100.662053906199
26.7545,268.299411899304,65.3695453214512
26.755,290.242500797344,44.715388736067
26.7555,303.886353977782,31.7553324696149
26.756,304.369084094,20.7115244672452
26.7565,292.0694537767,13.1253588556453
26.757,275.847245551556,13.7400031896772
26.7575,266.931834460898,23.1491944382679
26.758,266.830804901031,35.5244660803362
26.7585,261.960248337686,44.2593059163049
26.759,235.183035145419,49.5347538916815
26.7595,185.122355168081,57.1766636131672
26.76,129.667239588081,67.8640772432162
26.7605,85.9676528869216,71.5806925002389
26.761,50.7037618237373,59.0762983533319
26.7615,7.48593048766956,37.7480011126162
26.762,-46.6291061389038,28.2217339311801
26.7625,-90.6983266212992,41.5188047876026
26.763,-101.277665795942,64.4379311698979
26.7635,-79.7710416155657,72.0907749365372
26.764,-51.6635933326605,52.6584319041358
26.7645,-39.5281661923945,16.4890075667742
26.765,-43.8659385182406,-16.8077716485492
26.7655,-52.5394246265873,-35.647013176492
26.766,-60.8770183481815,-41.1328549634715
26.7665,-74.050349352424,-39.1867336865414
26.767,-93.3752563106377,-32.4270605153312
26.7675,-112.133192889884,-21.6597676996906
26.768,-127.922203215039,-13.3234258970028
26.7685,-148.487330701838,-18.898035596599
26.769,-177.598919996966,-41.34878928207
26.7695,-203.032021929917,-65.2902291726543
26.77,-209.290479827459,-69.320148346786
26.7705,-197.937826192715,-49.9872300465408
26.771,-183.865883647179,-26.5947597051965
26.7715,-174.065541220444,-19.6106396195879
26.772,-163.550497421081,-31.4094725468693
26.7725,-152.171498131637,-51.5749394025831
26.773,-148.907540371562,-71.5439308866851
26.7735,-152.829944826616,-85.8504110151952
26.774,-144.193527333725,-87.3528885596932
26.7745,-106.099066800546,-74.4524030227847
26.775,-46.4109234792897,-60.2890220837245
26.7755,12.3820498740389,-61.6045222421341
26.776,57.8471682005959,-77.0971523325909
26.7765,91.8787816159663,-87.6327173072619
26.777,118.172571925965,-80.0167002563591
26.7775,139.209223490375,-60.0361870745037
26.778,162.018103966949,-38.9619347469769
26.7785,193.422293304272,-18.8684759327868
26.779,229.333220909993,1.9917853651888
26.7795,257.806989726824,19.5012121705552
26.78,270.654299347665,29.2280573760681
26.7805,263.779482243993,35.2498904055273
26.781,232.227266882629,43.4396421153316
26.7815,178.844299137197,49.7822060805402
26.782,124.739183225439,45.2804438074346
26.7825,95.6231507860985,31.5139082470912
26.783,97.1379973949447,22.8818598452108
26.7835,115.701098116262,31.9071921626461
26.784,139.773263770253,56.9195353544419
26.7845,162.723565713728,84.2991418101724
26.785,167.935767065564,99.4067321671422
26.7855,136.402854204601,96.4252004692707
26.786,75.3276222045015,80.944359136479
26.7865,16.152201695929,62.7848091227946
26.787,-25.3033865661897,46.7793537392484
26.7875,-64.2549544160826,34.7323419471844
26.788,-111.569510515858,34.1150554280914
26.7885,-149.935318737591,52.5633479942496
26.789,-165.849993951322,79.8690980702059
26.7895,-180.124643090287,90.2373377771872
26.79,-215.479536496098,73.0566559785898
26.7905,-250.12543378814,47.7510013728958
26.791,-239.589022331342,33.3051389132311
26.7915,-179.111147857204,17.5713922102923
26.792,-109.993482352093,-20.1177840336883
26.7925,-63.4955705685248,-66.4139100534253
26.793,-31.9316488289758,-85.0238694098637
26.7935,-1.45819639194675,-69.3520714033536
26.794,20.0540300789523,-51.2938362670541
26.7945,23.1201311823446,-50.2088243186964
26.795,17.7356727437051,-46.7521015755838
26.7955,14.7449585539855,-24.6120958127006
26.796,4.34364925365149,-6.9792608782735
26.7965,-29.3367414697655,-23.187559879831
26.797,-86.420424020306,-60.3462364259443
26.7975,-157.730716919825,-80.0713822633512
26.798,-236.538276815149,-71.3654974899352
26.7985,-308.168690635022,-56.3366770362664
26.799,-344.877052836001,-50.885770052431
26.7995,-331.938123523251,-50.9704776487827
26.8,-287.659086864435,-55.8516616714082
26.8005,-238.477111055906,-73.6401396426597
26.801,-185.330805300794,-98.6017534322204
26.8015,-115.072267071263,-109.569073438817
26.802,-33.6928091195628,-98.8922225167322
26.8025,38.0417783869411,-81.1558536940325
26.803,97.0156551446247,-66.8590007449537
26.8035,158.982593769443,-49.8993489383065
26.804,226.316603490961,-28.6818429830554
26.8045,279.029439527526,-15.9444932205785
26.805,303.420455653707,-15.8830455675691
26.8055,309.265872569442,-12.8207577094719
26.806,311.752809278103,4.06483724790315
26.8065,313.799458443041,24.600212901777
26.807,313.046657450181,40.380650741578
26.8075,310.218693250943,63.4638778667763
26.808,302.812969547096,104.652214882019
26.8085,283.480726501047,151.243063261709
26.809,249.606385415919,186.240516502677
26.8095,201.465616911015,213.243650350803
26.81,130.567372645352,240.040759862628
26.8105,31.1901941476708,252.515020142805
26.811,-71.0060025233862,231.372748504034
26.8115,-128.108894420973,185.29188019763
26.812,-124.577923402877,141.125622142386
26.8125,-103.111780049361,107.654358935513
26.813,-116.254377368242,74.6884971501129
26.8135,-167.325948584394,41.4124260103604
26.814,-219.160329035825,15.3918562083856
26.8145,-245.296349790527,-14.6744898756662
26.815,-245.273281711903,-71.8452627900388
26.8155,-219.092098153199,-149.729500153715
26.816,-159.64639577,-208.00182726879
26.8165,-74.8658567281227,-220.43075117901
26.817,7.9548287885102,-202.295999627084
26.8175,68.9443960778306,-178.819492170195
26.818,110.154156384492,-153.108221978674
26.8185,138.366113377141,-122.239748398531
26.819,150.809703293702,-99.7424928921766
26.8195,144.682239111149,-97.2079612682964
26.82,125.247889678735,-99.7852515744214
26.8205,97.2161354503158,-84.5077910349945
26.821,61.892649477837,-52.4639877134494
26.8215,28.164866684963,-20.7362026714874
26.822,9.27976164304332,8.20804482254428
26.8225,0.398891124920521,45.5704187651443
26.823,-22.1160268619587,90.1993744374538
26.8235,-65.363188765865,126.496331000117
26.824,-100.360500059468,146.374447556066
26.8245,-96.1255422207029,152.30520644864
26.825,-61.2884982404586,139.832551065929
26.8255,-31.4722493379863,100.131920871997
26.826,-23.6000084169689,43.8022172174544
26.8265,-25.2409661690718,0.557530892853861
26.827,-25.4615966977268,-13.4540538303278
26.8275,-31.0169051686163,-11.673195253249
26.828,-46.8417034234078,-12.8041911822998
26.8285,-61.7383163915515,-17.0833299657961
26.829,-64.0826109459816,-17.5565985619083
26.8295,-57.3652247208688,-19.5974987012138
26.83,-50.1106921768437,-32.8759653905376
26.8305,-42.273773819927,-52.100547393311
26.831,-31.9688852220759,-62.0145815968064
26.8315,-25.2656800027807,-59.5334701710574
26.832,-27.2358025428001,-57.8258887293637
26.8325,-30.4697734255511,-66.9694742839162
26.833,-24.504516155258,-80.1427082605247
26.8335,-11.9458459037521,-82.5353521279049
26.834,-3.8887784993882,-68.4430251474611
26.8345,-2.66021324860557,-45.7781571923664
26.835,-0.465476667886273,-25.4928248135637
26.8355,6.51045709270133,-9.38974365057363
26.836,13.9176061386229,9.62989633997521
26.8365,19.1358104174281,34.7456797186125
26.837,24.4160728542454,56.7360718388416
26.8375,28.2940492666568,64.4383777474597
26.838,23.8911779415707,62.3726091025236
26.8385,9.00375321011435,68.547431767959
26.839,-10.8059257859994,90.6389179807305
26.8395,-31.998908082711,112.451903803779
26.84,-55.5032466965521,112.106857300835
26.8405,-73.6887367182738,89.7465812009571
26.841,-66.103434429596,68.464402373944
26.8415,-20.7585437130544,67.0439889592005
26.842,43.8586530530195,77.319924945389
26.8425,89.0129819667897,70.8673724048222
26.843,89.002591054322,26.8971766927891
26.8435,48.7870992171709,-46.0222205898199
26.844,-8.60295422829784,-114.750905125845
26.8445,-62.495363542842,-149.020450424027
26.845,-101.167360963787,-144.771458976763
26.8455,-117.860055670726,-119.590740733612
26.846,-108.350514345959,-89.1934796671999
26.8465,-72.5615233325514,-57.1008106443266
26.847,-16.8923378905727,-27.4070965047482
26.8475,44.8698130394021,-13.4610373242543
26.848,95.1314333662012,-22.9130803451311
26.8485,122.012309971995,-42.1244093485953
26.849,127.52550003203,-49.3558973969481
26.8495,124.858072601619,-41.2704123951713
26.85,127.191839057504,-33.3162073802848
26.8505,139.655829068279,-33.5445209428132
26.851,159.175597652818,-30.18849362598
26.8515,178.165939673198,-10.5342531930736
26.852,189.591346962207,19.8854384660207
26.8525,191.680089476447,45.8174771668849
26.853,185.743290650378,61.6051094133421
26.8535,167.221735584625,71.7554447875845
26.854,125.951301092126,77.7752581523647
26.8545,63.4488035324711,76.2048769933823
26.855,3.0746232266357,68.3270601184522
26.8555,-31.5877350555149,60.4191501728791
26.856,-46.7276117097669,52.1724844463993
26.8565,-70.0395008061051,34.9790353042109
26.857,-110.287178996613,7.26072234574942
26.8575,-144.218571248604,-16.1755004196155
26.858,-151.913564695192,-18.5868906633992
26.8585,-145.070146334131,-2.2189233309307
26.859,-143.816178951486,13.1181604086892
26.8595,-142.275309114457,12.6116842109713
26.86,-121.050994565021,1.27954553665889
26.8605,-84.6963777170705,-5.05355641915969
26.861,-59.4348546986782,2.71328243078716
26.8615,-53.8377720986294,22.1384169819573
26.862,-47.7368003171908,46.3937827388259
26.8625,-26.730093948813,69.0177513880543
26.863,-4.91237131506098,82.8773505855731
26.8635,-1.96274066233198,81.9461660742237
26.864,-15.950513311042,67.2664298685106
26.8645,-32.3229747728219,47.4308761530496
26.865,-45.2928821522452,30.5426088725249
26.8655,-56.378287569281,18.1476206418737
26.866,-64.2642962605136,8.2495098637627
26.8665,-70.6402635752449,-0.126720169170562
26.867,-84.5256043504607,-8.59224224911693
26.8675,-104.642455087874,-21.2645102168725
26.868,-108.235272819734,-39.5295571035967
26.8685,-77.1273048182009,-57.4348268902535
26.869,-28.0626912069625,-68.3907551195808
26.8695,3.73562891703574,-75.179322920418
26.87,7.81776065555153,-86.351783468387
26.8705,4.55111419757884,-102.292077152946
26.871,10.2133464391729,-112.512532852159
26.8715,20.1189331858874,-109.754831172931
26.872,29.2082112760379,-99.740821064643
26.8725,43.4143066156428,-91.7291590983033
26.873,60.2043068614428,-85.2872264740001
26.8735,61.1752748015544,-74.1715368986455
26.874,39.8179680968192,-60.2126176822474
26.8745,17.6249575714463,-53.7499647364834
26.875,14.4174208831123,-58.0238340887779
26.8755,19.6052471533626,-59.9859309053302
26.876,14.8427484631014,-41.9457953903568
26.8765,10.4477569032474,-0.762757407212824
26.877,30.6873793790332,47.7573484903717
26.8775,69.7285872012206,83.6047606203859
26.878,93.1162737704944,100.222616951343
26.8785,84.6644784901268,107.135245002806
26.879,62.6654058057189,116.110824917117
26.8795,42.8689178070059,127.261671005718
26.88,15.4777200876831,130.994773653057
26.8805,-25.5986641390708,120.896542697617
26.881,-57.7999457601588,97.7680754370349
26.8815,-59.205993392812,60.1602245551871
26.882,-45.0050957686203,1.64833660670041
26.8825,-46.5741972854468,-72.8149159823156
26.883,-63.2017135588058,-134.138479761622
26.8835,-62.4621017819977,-147.83067593484
26.884,-25.9641844742446,-108.999841498512
26.8845,32.1536242529914,-48.4061970288067
26.885,94.4704608982144,0.897392595507324
26.8855,160.481874615578,33.3485280401629
26.886,227.059419082928,61.2302659358295
26.8865,272.141850921598,86.6952550536737
26.887,276.350525262962,97.9740714288027
26.8875,248.573237093548,90.4498890177273
26.888,214.22410352431,76.6301136047058
26.8885,185.784676147287,70.7351620487828
26.889,157.73023814282,73.1563271605398
26.8895,123.22293319439,75.9562681758167
26.89,81.9235417651292,76.1935875411
26.8905,34.8753326754069,75.9303454058207
26.891,-16.8423975229277,73.2913179749287
26.8915,-70.506396782557,62.2777737693472
26.892,-126.665470181879,41.2095667715705
26.8925,-190.034693170672,14.45587919028
26.893,-255.728542413962,-15.1018897099253
26.8935,-301.680377311797,-48.7277284817811
26.894,-309.572872310413,-84.7451669187307
26.8945,-290.864418366423,-115.973457955263
26.895,-276.985195150844,-139.533194648151
26.8955,-282.478286087123,-162.598529021767
26.896,-291.111531219602,-188.912300721836
26.8965,-280.921091371258,-203.331992384808
26.897,-249.6864767908,-183.535999492254
26.8975,-210.017395339276,-130.383260699733
26.898,-170.360755423162,-73.8287965352563
26.8985,-128.938591537244,-40.312510539531
26.899,-79.8305921986559,-24.6141614052656
26.8995,-18.4043655451399,-5.48838116008457
26.9,54.6594302951289,20.1547068478826
26.9005,129.635644432743,36.1224003665016
26.901,191.717407147044,36.4810728978117
26.9015,232.636222565767,36.0586821593593
26.902,255.88218244808,46.8504266969148
26.9025,269.248169175752,61.0995183122583
26.903,276.275185968348,66.4530488131103
26.9035,275.534610918647,63.9892994633849
26.904,262.792672950776,60.9455377227631
26.9045,232.996548795863,57.5879697897781
26.905,186.441250829986,52.9317319221494
26.9055,134.460844257003,52.8864638088427
26.906,92.3999132194386,59.5838477773184
26.9065,64.6889310689693,61.4932345096425
26.907,42.6143781979788,48.0506012077713
26.9075,17.8578885249438,26.3348633162039
26.908,-8.95348130958896,8.85778022368816
26.9085,-34.4311341451439,-6.72361464683894
26.909,-58.2168894958998,-28.278875667974
26.9095,-78.7782711282112,-47.4550471114605
26.91,-91.0231845832758,-49.3428589272131
26.9105,-92.9221315797404,-40.2162233022089
26.911,-89.4901675243073,-40.802536273553
26.9115,-87.6857905021053,-50.2046162694275
26.912,-92.2974364999593,-42.4463270122157
26.9125,-106.130493500398,-6.9755876648398
26.913,-125.217527917825,31.5908855081621
26.9135,-133.605500355038,47.4409355900643
26.914,-114.944237260272,46.7514106720538
26.9145,-72.9686823549979,50.3560446028863
26.915,-29.5347961321192,59.7408724078351
26.9155,1.23594185682419,59.4155783789593
26.916,24.7344754605547,42.7997582428426
26.9165,48.2516913566835,18.6391623739839
26.917,67.3562924954693,-1.33587891175849
26.9175,78.2195362959165,-8.19583916852287
26.918,88.4784093461151,1.69418138679793
26.9185,103.811379614903,17.2917105551152
26.919,115.614707368758,17.1255954737145
26.9195,113.822467344912,-2.20361776386838
26.92,100.557487495263,-13.5806106343246
26.9205,79.4205928064443,6.73139350389707
26.921,44.5184565813593,44.2912251514619
26.9215,-4.84760718778201,67.0756860428417
26.922,-50.7450027315149,70.5442379129542
26.9225,-75.1049397030474,75.4345404655425
26.923,-81.9166529777342,86.3862869345528
26.9235,-85.0067008975948,84.0340647957008
26.924,-86.193441259124,61.4347979137705
26.9245,-85.3312310878632,38.2126654697913
26.925,-98.2194539712011,27.5784641411532
26.9255,-136.836886240359,14.237772405846
26.926,-179.790848468364,-20.3779265131654
26.9265,-193.170471524833,-70.3704249376897
26.927,-178.551573085352,-117.211387099203
26.9275,-168.791587416332,-152.074539289738
26.928,-174.442002991855,-171.32048129596
26.9285,-168.963890053463,-165.962737472357
26.929,-137.437427510938,-134.553163840971
26.9295,-106.563148710606,-96.2943965973294
26.93,-106.435003080038,-73.6865693703862
26.9305,-127.774411676458,-68.5264275802687
26.931,-139.400548917729,-68.8831302092885
26.9315,-128.577693892691,-71.3580789319276
26.932,-100.522647313734,-80.0665100483021
26.9325,-53.3095137929522,-89.6387024115111
26.933,19.8846059153875,-87.0753616942683
26.9335,109.663741774761,-69.7123200508425
26.934,194.51965843589,-47.6492961820096
26.9345,265.432561271247,-28.9344624548855
26.935,329.815482466812,-13.7984088494655
26.9355,391.973910712115,-1.71335135365102
26.936,444.721595595334,7.77612439153161
26.9365,481.52029660387,20.1405055137626
26.937,504.624259956821,40.5152367227996
26.9375,517.614345874773,64.2912842432602
26.938,516.391601349023,83.4894170553053
26.9385,489.862034820477,99.9825959060879
26.939,428.651165926827,120.041671569795
26.9395,336.660256288564,137.980608214989
26.94,234.196535173025,140.235579671133
26.9405,141.281891096245,126.43898953222
26.941,56.171048199873,111.054992967725
26.9415,-37.7164079806416,100.97406543502
26.942,-140.333440116757,87.225457209031
26.9425,-227.81142487461,64.8525280704409
26.943,-286.649750976914,44.6655486904726
26.9435,-336.181664692362,33.8682762166038
26.944,-397.427548952368,18.253911430691
26.9445,-452.640010393944,-20.1268867804908
26.945,-460.65967734622,-73.4556177656457
26.9455,-408.646968595793,-111.541945469451
26.946,-325.896488966175,-114.068744237177
26.9465,-246.325545443548,-87.7887990961582
26.947,-180.022923921256,-51.5286773498385
26.9475,-127.410826228094,-16.431477152001
26.948,-98.9371324190522,14.2586137257717
26.9485,-103.871609578192,35.9966866312286
26.949,-129.043856316582,43.6456861077122
26.9495,-144.292834681098,39.1288315600337
26.95,-129.85081540279,30.2447480015439
26.9505,-92.0690017751514,20.2889825496701
26.951,-52.5340362668077,5.05756009825541
26.9515,-26.6326034702887,-15.7928386874003
26.952,-14.2941883071924,-29.8634392900588
26.9525,-8.39222787584617,-23.3699793005408
26.953,-6.1772062976107,-0.839562675784478
26.9535,-8.26232547658943,17.2567459904488
26.954,-10.2984517839771,21.5565405036735
26.9545,-4.6234409365265,28.1079366590529
26.955,9.19118448820621,54.6854264903975
26.9555,24.3302712884018,89.9449965757752
26.956,38.5379639168372,102.248395900922
26.9565,54.7341392776474,78.947184589219
26.957,66.7448659946347,40.2913804882779
26.9575,58.8835884147318,8.89163058268984
26.958,28.2945903374258,-18.4708900019766
26.9585,-5.63299277874362,-56.1444229623625
26.959,-25.5431594542484,-98.1916526571606
26.9595,-37.2008649675024,-119.494344886219
26.96,-52.4120224325873,-106.954415324539
26.9605,-63.5498202432504,-75.5869972986698
26.961,-54.4110381633396,-50.405001547469
26.9615,-28.2978446677821,-41.5576690940528
26.962,-3.55412391358571,-40.8088335155291
26.9625,16.4533868571001,-35.3906214967661
26.963,48.1978957624718,-20.9873710349753
26.9635,100.682633080734,-5.03292858561639
26.964,160.29046570777,0.218239315964349
26.9645,206.937818673461,-8.9993473601899
26.965,232.670420500586,-20.712773964759
26.9655,241.480751528133,-17.6234150234698
26.966,240.937926265878,3.72990780171223
26.9665,235.033168352944,28.4247704390544
26.967,218.046314227472,39.3955346648381
26.9675,180.404125285145,33.887515246832
26.968,129.965076016429,21.9381006387476
26.9685,96.880869323754,13.9279259107258
26.969,99.871558763259,13.8542982221893
26.9695,116.631486225251,20.7031200013649
26.97,109.982881551814,30.0595090038126
26.9705,76.4395290356463,34.6070478746164
26.971,41.7773123498576,27.615959193227
26.9715,12.7802180069221,7.84360797558797
26.972,-31.8630446333645,-19.3055296086573
26.9725,-96.3933493585184,-44.1873898958683
26.973,-148.419304013547,-56.2367308800279
26.9735,-161.066997456786,-49.5025357652618
26.974,-147.771915853163,-29.3513427969387
26.9745,-137.082167850211,-10.7664557104731
26.975,-136.975320001435,-3.76359748420537
26.9755,-144.499663541678,-1.36529747872703
26.976,-167.844206273058,10.9078787117054
26.9765,-211.536049457054,32.7742491945624
26.977,-253.158126540286,45.139040023116
26.9775,-260.704179800558,33.3791819341505
26.978,-227.306454560657,6.8799386849895
26.9785,-170.881965239554,-14.0436272089282
26.979,-108.115151266387,-25.7346126770554
26.9795,-46.8898416286501,-42.0299230324748
26.98,4.21176467825996,-66.3651666930001
26.9805,38.5757056464234,-78.6888667175047
26.981,59.9204010430836,-61.23167305588
26.9815,75.0756303633222,-27.7683863821482
26.982,86.1845723374763,-11.3257286336946
26.9825,100.463030965385,-23.6258769751268
26.983,131.618424605369,-40.7806573646845
26.9835,173.736441609124,-32.7626253975044
26.984,190.177811412126,5.09263562380913
26.9845,152.740072189022,55.7350880627822
26.985,79.820894464728,102.436913182408
26.9855,11.3961311695744,134.557709649244
26.986,-39.1943227581351,139.982128111733
26.9865,-76.9372138391677,110.681621484528
26.987,-82.9024716176591,58.9325700266216
26.9875,-26.6367077090504,14.0640689309958
26.988,74.512245592972,-5.58235962171537
26.9885,151.422202779175,-11.3408507625082
26.989,157.061744356797,-28.7423593884487
26.9895,114.971407149604,-67.6560279745123
26.99,77.9608284088048,-112.658576634875
26.9905,66.7408158114337,-138.580754997798
26.991,69.1177277984771,-129.821145134174
26.9915,73.419205599068,-88.2857322648481
26.992,74.8462013576485,-30.9737428431475
26.9925,63.7792934123859,19.0645567037378
26.993,33.7413373451743,46.014645419604
26.9935,-5.40039300236495,51.0392178757516
26.994,-39.1460421435663,49.6302326109492
26.9945,-64.7535933111966,58.6356401778866
26.995,-82.2445268917814,84.3703558193205
26.9955,-82.8303354757696,119.636535004904
26.996,-65.292378714483,148.775277932186
26.9965,-51.9673904501871,155.984997641407
26.997,-65.5018664120751,132.168310832751
26.9975,-95.9391616730798,77.8682541178591
26.998,-112.41060190668,4.3545697466168
26.9985,-103.285433147249,-65.6104666042702
26.999,-83.534915825541,-104.065264006664
26.9995,-65.6845997240527,-96.9314282110059
27,-47.649592493268,-61.0072877125387
27.0005,-31.1392758839312,-32.5720482621335
27.001,-27.2879665736173,-30.2224480630389
27.0015,-34.8062954510279,-33.8189390654794
27.002,-32.8981497209186,-9.21158523387977
27.0025,-9.76376742624348,49.4144718724493
27.003,15.5588156942039,111.825582342523
27.0035,14.3489317845441,145.010704871473
27.004,-16.9328634374536,142.923297090944
27.0045,-56.0223312232299,120.679877106297
27.005,-84.2573819788024,90.3227366254474
27.0055,-103.536489643943,51.0746127817643
27.006,-123.15359735956,0.451547702123262
27.0065,-139.731738650574,-51.3179227207593
27.007,-136.904467496864,-80.3418327949968
27.0075,-104.487907768371,-65.8989959193594
27.008,-54.7689411806243,-13.5935683151521
27.0085,-16.1428886272801,39.8382907793773
27.009,-9.3439996707823,53.5957052358672
27.0095,-33.1707127605075,18.1591828912119
27.01,-74.2424235349333,-40.9513130227684
27.0105,-121.195476174051,-94.1808997139275
27.011,-160.037975591842,-133.631773997333
27.0115,-164.176489915881,-166.089412223634
27.012,-108.591257406116,-193.121879892883
27.0125,1.27627535265233,-208.113723314732
27.013,127.599231851615,-207.089768056919
27.0135,232.689877385024,-193.20017735835
27.014,303.213247583872,-172.88333922921
27.0145,339.583198988768,-153.203249294178
27.015,339.85073744007,-138.570107216584
27.0155,309.065483794725,-123.685623568558
27.016,272.554808102173,-94.5095031751202
27.0165,258.648296369203,-44.208472402823
27.017,267.899264564909,14.9783012633411
27.0175,273.772202906562,63.2536604389183
27.018,254.305381836432,93.8823047583132
27.0185,209.168140003123,115.150110640834
27.019,144.285393897765,134.829551655596
27.0195,58.3061748495213,150.876093037418
27.02,-43.6273178840798,155.835649063102
27.0205,-134.983878074567,143.092088376795
27.021,-185.378661380661,110.659657468079
27.0215,-193.793952429795,65.9852041359432
27.022,-191.245480698647,24.3731284671671
27.0225,-204.352673542467,-5.20714296388766
27.023,-223.280737438517,-29.5381467016203
27.0235,-212.829445789144,-57.327189170207
27.024,-152.546547300058,-79.7927078176857
27.0245,-59.511855920429,-77.277309920537
27.025,27.9942519094558,-44.1099990026331
27.0255,82.4554798693517,5.40604370502876
27.026,100.419713841056,55.2280670611963
27.0265,92.0658410119465,97.8869245171988
27.027,68.0587578970582,125.978434785682
27.0275,37.4971034837714,130.797780935376
27.028,9.73169426155677,116.585575813905
27.0285,-9.04446837205503,101.540965256339
27.029,-19.7681632965644,94.9148173734057
27.0295,-27.9201236222411,85.1601721220658
27.03,-38.2326026748535,61.7137980171206
27.0305,-52.7882495494018,37.1791498176862
27.031,-69.6046482857916,32.973662322496
27.0315,-79.1819663489065,48.9764770009256
27.032,-66.9353298482336,61.9510415905494
27.0325,-26.0395891412616,52.2381185567282
27.033,32.561723473686,20.556107662977
27.0335,87.2344632381849,-19.4517742905649
27.034,121.378512461627,-52.5778831980616
27.0345,128.803006225864,-65.498958802179
27.035,108.789674074062,-52.601292639916
27.0355,65.6429648987667,-25.5231503013442
27.036,12.8847177935718,-9.22063064926881
27.0365,-32.0813813098454,-19.6099267465072
27.037,-61.7150616914097,-45.4818505662115
27.0375,-81.8804584420704,-57.2807336147993
27.038,-101.064481824447,-35.5658614076896
27.0385,-122.915749026892,10.2864424256031
27.039,-149.42694721741,52.4751596823312
27.0395,-180.440376843409,72.4150681291213
27.04,-205.193856056057,74.7693417133364
27.0405,-204.839618137021,73.8277372060074
27.041,-172.424466913755,73.1228166981161
27.0415,-124.439225492184,65.2980652409967
27.042,-84.7659333451798,46.3777291099149
27.0425,-62.2600495443009,18.1050365794788
27.043,-50.9701008947634,-22.116831309483
27.0435,-45.412277708459,-78.0735640784016
27.044,-45.1669911242243,-136.984635792849
27.0445,-48.6104238669776,-170.067315918032
27.045,-53.1370092258034,-161.964741850884
27.0455,-60.3505076552113,-130.736371574174
27.046,-72.5097067135462,-108.654606508712
27.0465,-85.6779844169238,-110.538204299149
27.047,-93.4327181530792,-129.67295421477
27.0475,-92.2050997720716,-154.916983972574
27.048,-73.6044376014434,-177.906223157022
27.0485,-19.9232036843208,-189.173190472883
27.049,74.9916256355234,-182.08235398041
27.0495,183.514405337915,-160.225275193073
27.05,264.136370084134,-131.260653961841
27.0505,307.497330622126,-95.9045952795321
27.051,342.347551982599,-51.5755556356233
27.0515,387.632511694252,-1.56994421440615
27.052,419.716928707468,50.2335658292872
27.0525,403.543192929614,107.661000413257
27.053,340.787288375268,171.508587512894
27.0535,266.086043357713,225.893111000718
27.054,203.228539689794,252.165178279236
27.0545,145.878384868728,254.206564616476
27.055,79.5028079674157,252.441107182296
27.0555,2.34859218184012,253.169858296811
27.056,-79.1545475927662,242.375929184952
27.0565,-159.184256785059,211.002444247234
27.057,-228.181376673746,165.240107753368
27.0575,-270.519168564625,107.220774708738
27.058,-277.173190406182,30.1027220178261
27.0585,-257.940185244213,-54.3244219606432
27.059,-234.289182033047,-105.531927462916
27.0595,-218.775865048649,-94.8957458101729
27.06,-202.683549121522,-45.7948030875676
27.0605,-165.222906419303,-11.2254946187235
27.061,-98.0036133599474,-15.4761381361608
27.0615,-21.2385802594469,-37.2782229174204
27.062,30.1461969700624,-49.9272164151388
27.0625,40.9060526220749,-57.7674175221887
27.063,30.1769676559554,-84.0119909316738
27.0635,25.4134955330834,-133.779176550478
27.064,28.6017871038564,-180.732983976491
27.0645,20.0891494955541,-190.421530732621
27.065,-7.4693955474959,-153.402470497592
27.0655,-34.5643409849768,-94.1284583093295
27.066,-39.2047525990243,-46.2432249585301
27.0665,-25.0330797347771,-20.4618176652487
27.067,-16.607780690838,-1.63558117125989
27.0675,-30.446269437489,23.3740673082633
27.068,-56.7337856161742,46.375984226476
27.0685,-69.5892153644001,53.5760039520643
27.069,-53.4388701896152,50.3698580821537
27.0695,-18.7010366640439,55.7059315157317
27.07,9.83213149774615,73.7005730630844
27.0705,19.5633333635045,85.19876694321
27.071,20.1063557286208,71.935496884531
27.0715,26.2182876006661,39.2160690469234
27.072,41.0794492546745,8.62013613046383
27.0725,63.5414646949871,-4.58809151649137
27.073,100.231757774566,0.735422853638054
27.0735,154.498163904244,21.3053109870674
27.074,208.460788101946,55.5730357230248
27.0745,234.199047181368,97.0875501708907
27.075,224.228941903491,129.771002010035
27.0755,196.476993840946,138.475290459991
27.076,168.382190770542,123.46080329207
27.0765,142.238441237124,97.4659666608778
27.077,118.612105212827,67.7427306699241
27.0775,105.806727806067,29.3835801574728
27.078,108.230898554235,-19.6850586730706
27.0785,120.364647182973,-66.722910882641
27.079,139.093175730917,-96.5905531566844
27.0795,165.222873386186,-109.678384050453
27.08,184.425292254676,-116.219374060411
27.0805,167.691363575311,-117.769812958799
27.081,107.703227503497,-108.152448192772
27.0815,37.4859455784705,-89.8292014748376
27.082,-8.90361614523748,-72.9443050564951
27.0825,-41.6438998421618,-58.0687522735298
27.083,-96.6104159646404,-38.0648015779146
27.0835,-180.028054921851,-20.118103420737
27.084,-259.57921657827,-25.299782767051
27.0845,-309.21813914208,-57.5025449366013
27.085,-334.173784950657,-92.2773202309231
27.0855,-346.036556212553,-108.709685037987
27.086,-342.030744626703,-113.384019611116
27.0865,-324.97347772959,-117.045841438509
27.087,-321.339082323877,-107.578919297595
27.0875,-355.162572631743,-70.2758586148262
27.088,-412.043847100032,-20.6527376737434
27.0885,-448.651167585244,11.6859192261741
27.089,-435.892937419723,25.5809403831774
27.0895,-378.592348381813,46.5607788905771
27.09,-295.383536456474,84.149664366389
27.0905,-196.70654084188,118.921421791609
27.091,-88.5908443023313,135.616907534245
27.0915,14.1656050033248,142.487686602645
27.092,90.9672131686672,149.348921852781
27.0925,131.829024423404,149.807479313361
27.093,145.680747666124,136.268497080007
27.0935,150.70431794624,112.592291541778
27.094,158.566232540221,80.9933677522974
27.0945,170.031127194269,36.4713326605887
27.095,184.094040225845,-12.7038113899625
27.0955,205.067346558053,-39.3126806958845
27.096,235.195261369461,-29.930297959983
27.0965,262.03295545744,-7.01551268983654
27.097,260.400254792803,0.928911502290279
27.0975,212.232569494374,-3.51936480480539
27.098,126.145942769638,-1.51988846386485
27.0985,38.1420928315157,3.55154673323381
27.099,-9.23641206603556,-8.12540745303706
27.0995,2.88487863503975,-32.7446792503771
27.1,51.8573052752576,-39.8663088388415
27.1005,87.9427953038681,-17.1643234032382
27.101,75.4305513344823,6.58847438932553
27.1015,22.4977291170802,-2.92406479123616
27.102,-31.7669903830543,-43.4128164806808
27.1025,-56.1554178630066,-83.1435500315176
27.103,-46.5086160175924,-97.8343251267495
27.1035,-11.3936307019304,-85.800164383183
27.104,46.0319558411016,-55.7379170532806
27.1045,125.677572304766,-17.8205543108395
27.105,218.660266667056,13.7945484885575
27.1055,305.811242531016,25.6197524868344
27.106,367.806183442319,18.6427779816076
27.1065,397.720393549084,9.48142530239241
27.107,407.150578255432,12.0147579210231
27.1075,415.336834405015,22.9109801945851
27.108,423.955742132887,30.3451823598067
27.1085,409.419224665586,31.9898117837763
27.109,355.331160850926,36.259332094612
27.1095,285.281463542413,46.9436390377809
27.11,235.73273739331,55.4516785567615
27.1105,194.161058159661,51.3813443621341
27.111,101.936581022514,33.9364265193213
27.1115,-58.1144334200045,8.46794234849491
27.112,-209.69574826692,-21.1083399808681
27.1125,-259.791068090481,-48.6381660146346
27.113,-212.328333987524,-60.7835699648243
27.1135,-159.816069073475,-48.5414855920871
27.114,-164.145938294937,-23.1940717650042
27.1145,-195.842012849592,-8.09901496818174
27.115,-206.300155099212,-11.2146909295111
27.1155,-209.289602230359,-16.778634809513
27.116,-250.251347448086,-8.63778073614942
27.1165,-325.587106665658,10.3289842670267
27.117,-383.555560854763,29.7333279421221
27.1175,-399.038695794513,49.6874188605148
27.118,-402.273070723046,72.7918043458513
27.1185,-425.282026992563,85.734633422375
27.119,-456.640801835186,67.3064367051899
27.1195,-466.667621286593,16.6981727041034
27.12,-449.868571016589,-39.8862178680853
27.1205,-419.925581257172,-76.3041682594757
27.121,-381.371971337977,-91.5484010348772
27.1215,-331.585645744202,-102.527545512067
27.122,-281.27929744752,-117.695081263548
27.1225,-247.852559706567,-123.767131119417
27.123,-229.380648631263,-98.3877252775494
27.1235,-206.286729425479,-35.7754676336094
27.124,-171.911690964545,39.3569045032005
27.1245,-142.02248886658,87.8148770216339
27.125,-125.055238322712,91.856298425247
27.1255,-98.2146768129188,72.2714910443095
27.126,-28.048095361211,62.4379226722
27.1265,90.2864143129565,69.1981556578627
27.127,225.493887098449,71.1115125305574
27.1275,340.181965326723,53.8982429772844
27.128,420.218533898428,30.7734134847581
27.1285,475.648455539295,20.8795430031932
27.129,522.229914840629,22.7199190356303
27.1295,566.459940327474,22.4710233476019
27.13,603.93364725332,18.7973130715861
27.1305,626.018810133166,22.0940242427593
27.131,625.6208031886,31.5963735215006
27.1315,597.099924771207,30.3390782880467
27.132,533.511185509517,7.52317304106374
27.1325,428.002329224366,-26.1224661942724
27.133,279.812545788679,-51.7136173608388
27.1335,98.5609856722275,-62.4564588231848
27.134,-95.2251221737029,-64.4103517284912
27.1345,-270.101806635009,-64.774322898696
27.135,-388.314927063321,-67.1591379226915
27.1355,-423.819184144877,-72.5407848486836
27.136,-384.129528021197,-75.9798865835779
27.1365,-308.270650503464,-66.6405487516815
27.137,-234.757304369017,-41.1615203418637
27.1375,-174.375401773036,-14.5591375558492
27.138,-118.335934307606,-6.31233822307793
27.1385,-62.5056521575198,-15.6489763409911
27.139,-10.0557947046958,-23.7259890825971
27.1395,42.4799601577671,-23.6775965568716
27.14,101.693562751524,-33.305100891304
27.1405,159.392833743937,-66.9046580523199
27.141,198.846115794113,-105.661744062235
27.1415,224.904555337179,-112.132303704969
27.142,266.016701992955,-70.8597146404449
27.1425,331.628009864218,-1.21921789089209
27.143,385.966738981287,67.4914457442998
27.1435,385.973462866483,118.199665072433
27.144,333.611691743975,142.737099959657
27.1445,265.020706008761,135.257260031273
27.145,193.578649387958,100.394869132815
27.1455,95.2348137139944,58.5578098540024
27.146,-41.8068012005618,32.0337174432502
27.1465,-181.659511473862,28.4807035714658
27.147,-276.560348323993,41.7365823932496
27.1475,-323.320442359768,61.2162555596387
27.148,-361.300379440947,74.3960406089245
27.1485,-419.030711720709,68.2469841743528
27.149,-483.46894424361,38.0381595362442
27.1495,-524.112060022709,-8.2158117518606
27.15,-528.838401689802,-58.790416788908
27.1505,-505.508319574311,-105.015968738847
27.151,-459.814012934786,-134.084224374814
27.1515,-387.733896521926,-127.633840368125
27.152,-290.823728077985,-82.2290251628254
27.1525,-187.271128412836,-25.1456853814962
27.153,-99.3610904196134,6.4947004767197
27.1535,-32.4053551614901,2.07967007367284
27.154,27.5367545906353,-18.7994996967068
27.1545,94.457855355183,-35.9274603200144
27.155,165.311088404354,-46.267170414749
27.1555,222.314161168492,-52.7718761917487
27.156,247.261251354784,-53.7208744806832
27.1565,233.617682457509,-48.9218422230789
27.157,192.867310523031,-41.5352434837197
27.1575,152.089411742042,-27.1866980791647
27.158,134.793177569593,3.74987328495951
27.1585,135.739802094523,44.674065265343
27.159,124.216548656896,70.1692879884366
27.1595,84.6147394216531,69.3934398952847
27.16,44.9757162837381,68.6417288331745
27.1605,46.4547307725966,101.108728608041
27.161,87.7734520559976,161.111910114698
27.1615,122.535311087636,208.970594285972
27.162,115.736860921579,220.528644685262
27.1625,80.1124087031824,212.559310977654
27.163,46.0994536616781,214.834222774973
27.1635,19.8574655131658,233.446858024246
27.164,-6.36408038156938,250.421179955975
27.1645,-18.3892311535293,249.016222053178
27.165,12.8979569980096,230.172910979155
27.1655,86.0060064818204,207.668755089669
27.166,155.254772868307,189.982753639312
27.1665,175.554499824501,163.622367702968
27.167,148.692536373202,99.2375770547331
27.1675,114.280896414374,-12.7575066394032
27.168,102.333111022563,-134.603921943733
27.1685,106.235824671203,-208.975807318444
27.169,100.664794045269,-221.235386388023
27.1695,74.7972428032806,-215.342431006786
27.17,40.814781002997,-236.193469202695
27.1705,13.1572922393273,-275.144633273536
27.171,-11.0442128904695,-291.437769521532
27.1715,-46.2958086332404,-270.960888396185
27.172,-100.356399094705,-236.610382523262
27.1725,-169.535260031688,-208.860351420985
27.173,-245.925520976194,-187.04623357652
27.1735,-315.21342744892,-170.848252881417
27.174,-349.905359864411,-169.686103988146
27.1745,-324.712264184018,-180.323885069876
27.175,-245.772997263208,-180.187943964425
27.1755,-148.609875354499,-157.291539047418
27.176,-59.3607333371044,-126.722143992156
27.1765,23.9966605711916,-103.150563407589
27.177,101.695555260761,-77.6922067681697
27.1775,147.655153824425,-41.0015697013051
27.178,138.665567560108,-10.0277077167568
27.1785,91.7152766005746,-5.95653350093595
27.179,43.6187856128275,-17.9139059335314
27.1795,2.42307215491793,-16.9536245655459
27.18,-51.9551239066304,-0.923160657012617
27.1805,-124.599410732739,2.26465872477808
27.181,-195.023523812588,-24.0075037495888
27.1815,-248.337942895502,-66.7686255554705
27.182,-281.954614192733,-110.080923259128
27.1825,-276.185194014027,-153.267780174735
27.183,-197.293009889674,-191.774619106637
27.1835,-49.3775267034684,-202.48156956418
27.184,107.124160939604,-165.910380467806
27.1845,213.68466424905,-92.213997448343
27.185,269.930438195217,-12.3107199328384
27.1855,310.389618183519,49.9512436721085
27.186,346.876114145863,90.6517564739574
27.1865,361.95164868614,122.040558752762
27.187,345.38031665095,163.794420852201
27.1875,307.705512031977,227.118969960732
27.188,262.6072852572,298.728867937564
27.1885,217.298916095075,349.963944690385
27.189,173.308705868778,369.253757248954
27.1895,116.374738559354,374.779782028298
27.19,16.0016196833397,386.155586105502
27.1905,-138.502986712491,394.603256318471
27.191,-306.986658453033,372.86508734293
27.1915,-430.229252681113,307.586141049838
27.192,-490.797857545494,212.862507566719
27.1925,-516.728705835443,118.95847660446
27.193,-527.680972048161,54.3043913749277
27.1935,-509.494722166893,27.672447314447
27.194,-447.261106525244,18.7258010223804
27.1945,-350.755680022581,-3.03277567042594
27.195,-232.659497124361,-40.6548328256159
27.1955,-89.4174312524152,-64.8734882937126
27.196,76.53557619727,-59.0961539878798
27.1965,237.790035112916,-51.5316865290508
27.197,368.587000528115,-79.3517939322875
27.1975,475.550814087289,-131.290194356838
27.198,579.314539948822,-152.925025089504
27.1985,676.607467887999,-108.001311086981
27.199,743.681428300238,-12.0118286924032
27.1995,770.314605517346,94.741183608413
27.2,766.655885446946,183.51421066147
27.2005,738.294934869305,243.027888546839
27.201,677.254854281737,273.719301434419
27.2015,579.954082800934,287.208878121884
27.202,452.381786231201,293.798702390214
27.2025,290.990056853329,280.268034328476
27.203,80.8954297968795,216.740731323994
27.2035,-169.597392686813,97.6301227846083
27.204,-405.766515453605,-39.4013828859661
27.2045,-560.543831798608,-150.218548897123
27.205,-614.561991696831,-228.844109720454
27.2055,-609.415838448542,-300.389705090681
27.206,-597.727007569745,-378.744207359946
27.2065,-591.926555668632,-449.235752556039
27.207,-570.512876263089,-490.381744201511
27.2075,-523.892477125353,-496.30098804065
27.208,-474.518201587282,-474.918097381222
27.2085,-447.342083214001,-435.618079038634
27.209,-436.336751130353,-383.522929872225
27.2095,-414.681679494867,-320.272481410896
27.21,-371.123722852049,-248.039031149985
27.2105,-319.151855513154,-175.652228970376
27.211,-269.524118422567,-118.848695668465
27.2115,-210.984928311109,-88.6770685843841
27.212,-127.321424841493,-79.8466393949683
27.2125,-22.244953336681,-74.8443940363989
27.213,84.1395984796494,-58.3743077379173
27.2135,177.060389166154,-24.2190123464764
27.214,253.874461105466,27.0373162131481
27.2145,313.28859307095,87.2628585212273
27.215,350.896267635722,138.416928734489
27.2155,367.264121589771,162.16312689258
27.216,370.544059832744,157.236337193459
27.2165,365.936302947677,141.006565151387
27.217,347.230323535165,129.520228464448
27.2175,302.924694863197,122.343219599162
27.218,229.403893389295,112.382364417777
27.2185,136.88278680088,102.754544346719
27.219,43.6727235225616,102.674401398946
27.2195,-35.0974437187191,109.770268310597
27.22,-94.1759654774758,110.381576013421
27.2205,-134.903628191503,100.721910626246
27.221,-159.517662840597,94.7397796773404
27.2215,-174.844694358763,102.059147504712
27.222,-198.344976546806,108.325348792822
27.2225,-244.509543029565,91.2959493661182
27.223,-296.042967054644,51.6446506570201
27.2235,-302.984100654931,12.1476329508411
27.224,-231.450268596709,-13.6020062510907
27.2245,-110.934236234417,-34.5162227678338
27.225,-12.64972520942,-58.1572079348903
27.2255,23.899276335995,-70.5039173857186
27.226,25.4940970220857,-54.4289362275915
27.2265,41.1055646061206,-19.5391857627656
27.227,85.5263859738894,3.67866919063952
27.2275,142.833515971491,-0.154321618699713
27.228,205.074406843541,-13.3026791824069
27.2285,276.712186902968,-5.95353161366014
27.229,345.730763426385,32.2329345404185
27.2295,383.136227474176,84.0536663233612
27.23,381.599046166389,122.91961352801
27.2305,370.518272706143,137.052887797637
27.231,377.042982558044,138.738029859425
27.2315,389.783795435522,150.385420515467
27.232,378.43309077769,180.763753666725
27.2325,333.336197003907,218.001373676727
27.233,262.359938004454,247.095469791069
27.2335,159.763013635786,266.780911802488
27.234,9.02584552950061,282.699285284864
27.2345,-181.354501934401,290.197437158812
27.235,-372.203599245484,273.27468513549
27.2355,-532.265828567217,217.938875274513
27.236,-658.427679236125,120.143735471815
27.2365,-745.658789120663,-12.8704727545087
27.237,-763.635481798234,-157.401502653954
27.2375,-689.527399495935,-273.856132314935
27.238,-549.371201787481,-328.951520779145
27.2385,-397.289643083,-323.23184493155
27.239,-256.93431281392,-290.105425863298
27.2395,-109.272732374632,-266.309459544429
27.24,61.4823111541379,-266.790675053419
27.2405,237.465265845783,-280.966765155204
27.241,391.294151608719,-280.647220980639
27.2415,516.5347602625,-236.285826824259
27.242,618.447014517668,-143.643480407202
27.2425,691.276065940977,-37.0318181138824
27.243,722.48231599482,38.9786551287623
27.2435,708.55490388707,74.1337048671967
27.244,649.842881620224,94.1653928680909
27.2445,539.39944173084,116.22982627297
27.245,377.559923505681,123.549335133927
27.2455,193.862275420604,94.7008812968275
27.246,32.6218499345063,39.2740020944346
27.2465,-88.1016717200877,-13.1728063247511
27.247,-187.310861468687,-48.8161728013731
27.2475,-285.339056461808,-76.7156883246202
27.248,-372.195270253365,-105.688182424147
27.2485,-420.848284152834,-129.895211865183
27.249,-420.036176094521,-137.273311195365
27.2495,-380.854366778211,-122.00788691749
27.25,-317.891810274736,-88.7694984882944
27.2505,-239.708472180334,-51.2253070975193
27.251,-159.229853732115,-24.8113560862784
27.2515,-99.8208604462243,-16.3912106577817
27.252,-80.4653323730768,-23.3110358191698
27.2525,-96.1169286229068,-42.4005817636246
27.253,-118.772043816401,-69.9975227203833
27.2535,-121.468893061976,-90.547460652322
27.254,-101.227776672705,-80.6735568864291
27.2545,-76.4909836168091,-35.5841229272713
27.255,-61.7817389707957,20.4841830894484
27.2555,-50.1436015129789,63.1729458041619
27.256,-27.0842366962447,97.1617808904592
27.2565,1.48852715575581,141.894945645189
27.257,8.52950602713524,197.278023840434
27.2575,-20.8827463502177,241.255077693192
27.258,-66.4835642355856,257.267430956463
27.2585,-94.5312258117147,248.376990173215
27.259,-95.4782811896445,227.094417594828
27.2595,-85.8435692631165,204.978433586478
27.26,-77.8527332720084,187.61637566951
27.2605,-67.5329030630099,164.857205135746
27.261,-55.1705064610351,111.794936447054
27.2615,-54.6440618490108,18.4332234539521
27.262,-69.9837054970115,-84.1803934935371
27.2625,-81.4444707981666,-146.955925513058
27.263,-73.0127720885427,-151.939751527096
27.2635,-59.2323169014712,-121.198278223479
27.264,-62.9481903251277,-80.4267599489282
27.2645,-78.7573292130911,-38.4148183740208
27.265,-86.8279427294705,-3.77150531827347
27.2655,-95.1234725918662,8.21242015218704
27.266,-129.967742103556,-1.44676965762095
27.2665,-178.785159855695,-9.90957308652443
27.267,-182.745676600308,-7.42983439024455
27.2675,-110.104759402557,-18.1691204624923
27.268,-6.27986882940955,-65.6083348781673
27.2685,61.9101397010297,-131.946071061576
27.269,92.5400619684486,-175.431437399739
27.2695,142.389250219826,-181.369005421361
27.27,242.922835221926,-175.067775637823
27.2705,359.954797029628,-186.250423664871
27.271,440.532736502212,-217.74822746838
27.2715,468.074859439994,-249.186322573462
27.272,461.149304591259,-256.98624579872
27.2725,443.92739981429,-229.293046549694
27.273,431.601426011091,-172.987240987955
27.2735,424.421177476735,-108.777133790617
27.274,400.66717440393,-52.5821439229088
27.2745,330.53927180224,-2.60078914994343
27.275,211.329267519873,49.4115219180912
27.2755,77.0525923685547,99.7013440198196
27.276,-38.5714152330136,136.654836755268
27.2765,-135.109283076643,160.479094942782
27.277,-226.246420130777,185.36405586435
27.2775,-299.718430196859,219.603611752842
27.278,-318.675856938207,253.281651247766
27.2785,-264.450519801612,268.825207175796
27.279,-163.77114097454,257.083323433498
27.2795,-67.9922479621828,222.284496919246
27.28,-10.0196830844798,179.592937986372
27.2805,17.3797543766004,150.049268529346
27.281,44.7612102383496,148.608184973066
27.2815,90.244814639321,169.805502260784
27.282,142.502873943552,188.326403177338
27.2825,179.551600666338,179.204647492938
27.283,195.316048845884,137.851495166381
27.2835,196.251982919264,79.7792515800332
27.284,178.533505836423,24.6449673868161
27.2845,129.512827353811,-14.5302242332054
27.285,55.3484802730433,-27.9307912157639
27.2855,-13.2617536499858,-4.8544748539528
27.286,-53.5388818234491,55.6208195944017
27.2865,-73.5784225936293,129.279308991844
27.287,-92.5801594798413,174.67670658093
27.2875,-113.898306386458,166.617488939541
27.288,-131.11288383799,115.667265111072
27.2885,-145.83478523098,45.2194733008083
27.289,-161.240472919416,-40.0617433226877
27.2895,-167.541548649794,-142.701099390652
27.29,-152.524648145265,-234.942094127148
27.2905,-122.265477617964,-264.928641857669
27.291,-96.8608887717463,-215.880880009098
27.2915,-89.3491538314332,-138.262041215965
27.292,-99.998564045715,-102.266562848223
27.2925,-124.425603959184,-128.958846331471
27.293,-154.235051373384,-184.540002980951
27.2935,-176.144575624342,-229.758116974226
27.294,-184.297864033876,-252.705258659609
27.2945,-188.520765937291,-259.589427102555
27.295,-199.15821416201,-257.343490900894
27.2955,-211.902596043495,-248.102345655935
27.296,-220.57400105476,-225.486630767251
27.2965,-234.537120112953,-176.899478715934
27.297,-265.389812154822,-104.287008504708
27.2975,-302.711801100296,-39.4755163247047
27.298,-320.304360377106,-19.335259777603
27.2985,-301.907959724089,-43.3230920473572
27.299,-247.387159147184,-72.218770265737
27.2995,-164.537478720229,-71.4511214839363
27.3,-74.1403701719515,-40.2094928555009
27.3005,-11.6670996842157,2.7727184861598
27.301,2.7815482426538,42.107696262535
27.3015,-7.73576187503812,69.0486350927946
27.302,-3.55757181960591,81.7727940131985
27.3025,20.4704238792695,92.4050537745278
27.303,34.1343650994266,118.263304752614
27.3035,17.3320359396808,156.658997174031
27.304,-19.7969637824826,182.818380166882
27.3045,-55.9330427214926,181.383465340457
27.305,-65.0546812447219,163.615154804437
27.3055,-8.48037475441153,143.208339938219
27.306,135.727691426434,114.964389088624
27.3065,324.711736594936,75.0389071893898
27.307,471.936684070799,43.7923628894611
27.3075,535.072545214517,41.3239717317622
27.308,550.675678553476,48.6326334142095
27.3085,565.149956609916,22.499565166854
27.309,569.249895393011,-47.8184757277196
27.3095,528.559827180621,-122.037911823875
27.31,445.408341204984,-154.211723454468
27.3105,354.162095006016,-137.980028571696
27.311,277.430975172647,-97.7926313455391
27.3115,221.925689773884,-53.5260732832052
27.312,198.963724398241,-10.9502120245878
27.3125,211.362834787266,22.1634544464806
27.313,231.993752736882,31.0069063473287
27.3135,232.843405924147,9.95682215791514
27.314,229.531301524426,-24.5218138859013
27.3145,261.494156824141,-41.5535354405907
27.315,328.788778158889,-14.8654611765826
27.3155,380.929787442175,62.3178381915787
27.316,372.310476929985,171.728780216669
27.3165,303.596021636752,275.425181712511
27.317,207.170293552998,334.848307745902
27.3175,114.767417104391,336.549784391848
27.318,36.9343202280377,302.629494755137
27.3185,-51.2015659250979,269.688779018416
27.319,-199.631087957645,252.091544980537
27.3195,-426.775623309387,228.443590368119
27.32,-671.383530665873,168.216730438689
27.3205,-834.096512445623,67.5095242607021
27.321,-874.102073497667,-49.0888151680291
27.3215,-834.82663708757,-158.832050254698
27.322,-770.00014496963,-259.010176787286
27.3225,-684.635814005658,-348.63397034556
27.323,-566.323052006437,-403.966881518444
27.3235,-434.641305884998,-388.710875477759
27.324,-325.008210093908,-290.950673336381
27.3245,-245.546661135709,-141.092811666652
27.325,-181.200892649979,10.3514211190043
27.3255,-125.513258262272,126.655033562771
27.326,-80.4571047781325,194.328664985839
27.3265,-38.8045446968013,210.11903024756
27.327,2.73375427282361,174.993639891211
27.3275,21.3138403455558,105.987453868572
27.328,-9.93439554250188,41.9433925342604
27.3285,-78.8331002599518,19.9623770449467
27.329,-139.867186417668,39.6551752199162
27.3295,-163.959855650135,58.7016340567846
27.33,-158.530932539096,33.2993235270301
27.3305,-137.2468725991,-37.9396629219126
27.331,-98.0324207140416,-116.22961526125
27.3315,-41.6325079850246,-166.316149553022
27.332,10.9636286451224,-188.655438731952
27.3325,37.6048226447919,-206.392341594839
27.333,42.4700743568642,-231.39036897033
27.3335,54.0246647747695,-253.510841100571
27.334,101.22499564484,-260.190716136341
27.3345,194.275032692263,-254.671187650299
27.335,316.931972439637,-248.682586691755
27.3355,431.733794689887,-241.421404205046
27.336,503.659677372968,-213.17637968148
27.3365,526.126939581452,-142.822634250439
27.337,517.090003720038,-30.4418422381488
27.3375,489.072106426986,98.5168065608228
27.338,437.539360985059,210.758294046319
27.3385,362.905670341191,287.022666212765
27.339,284.409269340865,330.467858373442
27.3395,217.726978697226,357.733763614729
27.34,152.343763916992,381.246330281678
27.3405,68.2672255702992,396.807996750328
27.341,-32.7895705419932,388.482895549751
27.3415,-128.267025963381,347.409048381508
27.342,-198.938689022485,281.5848793169
27.3425,-234.959698548241,200.765548189476
27.343,-224.680443461443,97.419797310961
27.3435,-160.811301569038,-41.9838792042932
27.344,-61.2015068190826,-204.932735215178
27.3445,35.1776104989563,-349.931711890813
27.345,101.256878118642,-445.419181055305
27.3455,140.883543044796,-495.994688389531
27.346,172.833674517571,-516.221034160068
27.3465,208.757307503864,-496.390485213739
27.347,248.995747632904,-420.883893741622
27.3475,283.410052031145,-312.126712957486
27.348,288.630743531036,-223.181566919472
27.3485,239.684038583017,-179.398987741945
27.349,136.443612884602,-152.586213201997
27.3495,9.26584122523275,-102.923728831389
27.35,-110.333580408286,-22.7538937602621
27.3505,-213.793627912811,74.9504218324091
27.351,-301.95040114292,186.664290033797
27.3515,-363.539498486866,311.16380779969
27.352,-386.103988656788,425.616017077193
27.3525,-380.277671823239,496.135731909921
27.353,-373.325986061343,510.575175915096
27.3535,-379.803285368768,481.533456517126
27.354,-393.345902377782,418.661846364034
27.3545,-403.326040424509,317.305386844666
27.355,-400.382333694696,177.082361136015
27.3555,-366.201785569884,16.4509814850026
27.356,-281.764868330292,-134.785021423176
27.3565,-156.820447288725,-247.39264835489
27.357,-35.2738679213524,-299.824378560554
27.3575,42.8574522719338,-289.915213628969
27.358,78.2846245249648,-242.405444427758
27.3585,104.544776793898,-190.804475671404
27.359,153.336743809801,-147.449347653135
27.3595,235.461238129752,-101.802889705501
27.36,342.558739308587,-47.0609412403583
27.3605,450.191950040551,9.09243080146039
27.361,523.437703275315,63.2130885034716
27.3615,536.848515904805,124.530497000409
27.362,493.311902820349,193.142686445128
27.3625,415.034677644769,246.431542909504
27.363,317.662289621783,262.415892375504
27.3635,207.208533584285,245.733910592119
27.364,103.949605744938,217.621944137641
27.3645,47.025969896437,192.04326390851
27.365,53.4561638823415,175.621830536151
27.3655,78.5206763077163,175.746974074573
27.366,42.5389112442874,186.019820694165
27.3665,-90.27144385947,174.983959804762
27.367,-271.655808227314,119.472594936999
27.3675,-419.948486382675,47.1476906532417
27.368,-500.49741132358,13.3203562172529
27.3685,-539.271017586158,27.8504820137576
27.369,-565.537985151338,37.1797425050355
27.3695,-570.628062545901,-3.7370189858156
27.37,-533.613954840223,-71.3794660403575
27.3705,-463.176741604602,-113.537243020155
27.371,-390.119040810605,-125.930785268238
27.3715,-327.86761159834,-148.824749178105
27.372,-263.531016281824,-194.537428291752
27.3725,-187.616305125416,-222.626815856086
27.373,-113.004064173738,-200.314353377503
27.3735,-58.4191842211365,-153.468754144758
27.374,-24.9004217896559,-133.714598385982
27.3745,6.5131687339332,-155.257170276409
27.375,61.7170083551734,-188.447140339716
27.3755,158.888348562201,-202.924524946088
27.376,295.287240945535,-192.368754871501
27.3765,443.394333406086,-162.900644214605
27.377,567.269776639737,-122.02602378551
27.3775,647.008378541083,-81.5145274206069
27.378,683.719728627597,-52.242892850993
27.3785,682.397781290304,-30.8575126194267
27.379,638.964804555088,-4.60238135391484
27.3795,546.857724739116,27.804261874135
27.38,411.775483832173,52.9671864352428
27.3805,259.905433576267,62.6504264770986
27.381,132.476707107261,62.3861028110409
27.3815,60.9999308096224,55.992025564321
27.382,35.2467321324836,36.6292620169841
27.3825,3.43849963958645,1.19477611838019
27.383,-78.1421907610505,-39.882289840673
27.3835,-197.400598121853,-77.539684563521
27.384,-302.512698948293,-117.230904052575
27.3845,-359.983816529781,-164.98569561898
27.385,-376.787488664845,-209.808595332725
27.3855,-370.884699349017,-234.377370106906
27.386,-350.684144491933,-237.608648097786
27.3865,-329.096392170982,-232.234555652272
27.387,-325.012768932159,-222.823756925509
27.3875,-332.031058190486,-200.145510859204
27.388,-309.815974775805,-157.299405094412
27.3885,-229.709502590423,-99.5215264588437
27.389,-114.241964766366,-37.4953799207666
27.3895,-11.9134807401362,18.1405406160411
27.39,53.8680482822336,55.924381070146
27.3905,91.9168945151318,70.4487502548956
27.391,113.544555675647,72.6757986288947
27.3915,119.514291021594,80.1413801937299
27.392,110.800685020389,92.0072367596414
27.3925,93.7832368038415,88.0834028485356
27.393,79.5059344620921,62.8150656757932
27.3935,90.3402455263753,47.8977568701607
27.394,153.539180406071,83.4574651439987
27.3945,266.026958401833,168.200921891355
27.395,374.711961282986,252.777331785181
27.3955,417.969619804047,287.631803571924
27.396,387.283181097701,269.896453354467
27.3965,329.960718285857,239.458801886984
27.397,294.308747715784,236.134611798714
27.3975,291.155404922859,266.836862517575
27.398,304.095311887357,308.805038245087
27.3985,311.536386315924,332.88259701598
27.399,294.334131290462,320.105999475449
27.3995,242.835889222513,266.233528506789
27.4,164.532169399885,184.573148323113
27.4005,72.8399702680393,107.233452139049
27.401,-31.7154628915029,72.3189488607316
27.4015,-154.379217472025,98.0574706488011
27.402,-282.965655785421,168.091858974632
27.4025,-392.042451422782,245.389710307548
27.403,-471.33940846871,298.981864475757
27.4035,-529.168991819347,315.973615185168
27.404,-565.138407442901,296.785527105173
27.4045,-563.953527868369,251.197558806008
27.405,-526.306571384578,198.218674980978
27.4055,-484.098076300494,157.695598041589
27.406,-467.817013228959,136.596947385565
27.4065,-469.927893237172,127.807890182034
27.407,-454.131961703385,121.391854996488
27.4075,-395.334882895108,108.835173923061
27.408,-303.910136708628,78.2658107288912
27.4085,-217.0302326014,20.8112909853367
27.409,-168.485249725697,-52.4788508238732
27.4095,-157.614126964029,-114.513913126577
27.41,-147.19945338498,-155.216948623848
27.4105,-103.923219209655,-201.472991059292
27.411,-39.634962901525,-289.379862217965
27.4115,4.69250451985904,-419.711984167704
27.412,15.7881920993278,-553.425850500343
27.4125,24.9681385631029,-650.112876077284
27.413,60.7361414330644,-699.007169558211
27.4135,108.47251907205,-712.087414272774
27.414,131.730220034499,-701.960667638093
27.4145,113.942920698537,-677.042931395466
27.415,63.1659243230088,-652.525713108815
27.4155,-4.13586003416861,-652.679402602202
27.416,-60.3045815536244,-692.874694062977
27.4165,-61.5862520074014,-757.008265707818
27.417,23.6950734697864,-798.376074162773
27.4175,178.376887243589,-773.350366237325
27.418,343.993570148704,-678.735879671118
27.4185,468.491674075658,-550.663449061789
27.419,539.985560388292,-424.756542122746
27.4195,579.159378580724,-306.649568204104
27.42,610.344633823971,-185.345650186927
27.4205,638.684230291288,-58.8192579013054
27.421,648.774094789678,70.9778807821835
27.4215,628.922625984063,218.026292846308
27.422,597.33437921349,400.714500282751
27.4225,588.132909376095,605.378489428262
27.423,600.313793855512,781.422641384441
27.4235,577.41912740317,884.477317562373
27.424,460.030606665666,913.829565144777
27.4245,253.314709313106,899.614215363138
27.425,25.2909271095143,865.790605697392
27.4255,-156.98246285529,818.59199133942
27.426,-273.203428179162,763.575550283369
27.4265,-340.093248859516,717.721741539644
27.427,-381.155640914234,700.149086727925
27.4275,-409.842589792885,714.596662627779
27.428,-423.52118931152,741.960122195492
27.4285,-406.494806373933,752.456209765522
27.429,-350.099829904128,732.589708449178
27.4295,-271.996319452201,700.170998338891
27.43,-203.073458642172,680.966262745264
27.4305,-154.181866862087,667.207835547858
27.431,-110.892201443813,615.525386075977
27.4315,-63.9252890710607,497.143661065819
27.432,-26.9121369885137,333.792615344135
27.4325,-15.5725650793532,163.616554018902
27.433,-26.0962296874072,-16.5489336275159
27.4335,-48.9007189925575,-244.276883823306
27.434,-91.576919268761,-523.893203516162
27.4345,-167.008066856848,-794.526694608801
27.435,-259.776761029035,-981.828432984666
27.4355,-325.073678803398,-1064.22076863453
27.436,-332.575289905649,-1072.34121352038
27.4365,-300.859327292176,-1039.88403877526
27.437,-272.672895771261,-978.749350068338
27.4375,-257.988420768071,-894.213362714036
27.438,-219.942876921188,-796.426579510825
27.4385,-126.815993322083,-691.447614756283
27.439,-1.76659827648724,-580.123743719527
27.4395,101.409951252502,-471.632703704444
27.44,166.393932778297,-380.189507841534
27.4405,228.791058519633,-301.078803618454
27.441,313.087941166503,-209.64680329095
27.4415,384.01539266595,-97.4214184989479
27.442,387.426363422648,8.61598769039442
27.4425,324.063817239816,81.2066524288529
27.443,248.692113253837,131.392296057916
27.4435,194.857163383064,186.374643339981
27.444,131.775145544183,239.058451644832
27.4445,11.4931812360724,252.80042511958
27.445,-160.312240170621,219.175625809228
27.4455,-320.892515016299,179.040930470979
27.446,-411.237091248975,171.903069304495
27.4465,-423.850911425316,188.087586683308
27.447,-390.953032142104,188.862877208112
27.4475,-342.442310824577,156.353876313549
27.448,-287.787142677766,104.92837613948
27.4485,-233.428036917412,56.62458147154
27.449,-198.665906484269,24.3350860153044
27.4495,-199.260683482029,10.2042223918452
27.45,-219.846254766216,3.96356186821629
27.4505,-220.490178966245,-9.68583013173573
27.451,-177.863642402723,-28.7603294674662
27.4515,-108.631707878433,-29.4136523862444
27.452,-44.3061554833821,3.06221444400461
27.4525,5.49363149771826,52.8469574301414
27.453,53.2453703244688,99.664654013772
27.4535,107.040074070646,148.290540345613
27.454,159.012938459633,207.750218123471
27.4545,194.836751204349,258.407390414505
27.455,200.792660133946,273.326701953417
27.4555,166.749922683001,262.133767304867
27.456,98.2850747138433,256.362325273385
27.4565,22.3965144190617,256.044400766596
27.457,-36.8125552877735,231.954465683795
27.4575,-86.6264284356902,182.226847701364
27.458,-148.640287666175,140.899259710982
27.4585,-210.42174410501,118.288582967485
27.459,-221.112787307687,79.5836178782543
27.4595,-153.831552799208,7.41564870647596
27.46,-55.590161592599,-55.8145421490569
27.4605,-8.09990181529312,-64.3116240984454
27.461,-37.9078248515203,-38.6287486083263
27.4615,-84.7160161537731,-39.8522594914786
27.462,-66.207774964288,-90.7284548586212
27.4625,39.8597281138978,-157.038251785011
27.463,190.585931931918,-195.562734355181
27.4635,344.108713796297,-188.416906552007
27.464,506.045190693063,-138.189961787053
27.4645,699.835872853199,-60.6078997355942
27.465,908.739890735475,18.4158772056269
27.4655,1071.30198664295,79.65961349195
27.466,1134.70082581408,121.548361503068
27.4665,1095.60311144295,142.180838028376
27.467,987.894483603803,128.365794913916
27.4675,851.075062923983,83.9726623197766
27.468,717.088276979304,47.4774904171114
27.4685,604.378757059026,48.6680598300717
27.469,505.938283510797,64.729031817899
27.4695,395.035007772165,57.0181787803104
27.47,256.444970361759,37.4742752577325
27.4705,99.5660418620857,53.007909272089
27.471,-69.3783326591869,109.772601519984
27.4715,-264.410449420349,163.104875567079
27.472,-484.852177232389,187.763184544348
27.4725,-682.488757537725,208.208067376522
27.473,-798.168957281347,244.100655589452
27.4735,-826.305617534575,273.383653236054
27.474,-814.548570160384,275.462146266954
27.4745,-803.716799261776,270.834640280055
27.475,-796.778051298008,283.009745411346
27.4755,-783.092949652196,287.467091179682
27.476,-759.224066169783,232.607885441342
27.4765,-721.969440006471,96.7454542053587
27.477,-671.959966763366,-100.471005173035
27.4775,-630.130989217551,-327.501315768888
27.478,-620.983082082146,-556.935882060037
27.4785,-633.181628138891,-764.197399587718
27.479,-626.704468369382,-933.220115100828
27.4795,-584.226080816785,-1058.77265473139
27.48,-520.299340716532,-1134.83008487164
27.4805,-432.814913478521,-1156.88230205617
27.481,-291.725608378484,-1143.32130494913
27.4815,-98.7214494465409,-1126.17445002393
27.482,87.0709864423082,-1101.63686991511
27.4825,221.163620106557,-1017.92135677984
27.483,337.274160547128,-838.546099341276
27.4835,493.133584150871,-593.365280754803
27.484,675.113659635955,-339.922855422566
27.4845,806.339621631389,-102.85504105325
27.485,841.549205495889,113.752265448584
27.4855,808.497714120988,287.753661110802
27.486,754.423372176534,409.553921837989
27.4865,691.580548344075,533.842242772933
27.487,604.164864805071,733.7697237125
27.4875,479.312099426693,996.17281598468
27.488,323.533617891651,1218.6607872202
27.4885,169.325792978449,1324.95841340023
27.489,61.6522283480993,1330.1564551089
27.4895,9.45405231633437,1272.63903641299
27.49,-43.5605227317971,1142.43547640817
27.4905,-159.853454463062,924.129106402371
27.491,-315.75802532791,670.210337702708
27.4915,-411.797678766506,471.974991008995
27.492,-391.040067601029,366.459818246051
27.4925,-305.772286319597,315.392439999879
27.493,-241.162337919712,272.859204252849
27.4935,-212.499446322619,235.553875145074
27.494,-178.211502835454,222.067707371358
27.4945,-125.576861080525,235.409481044879
27.495,-90.1125137562017,260.167712067661
27.4955,-95.5073981073704,279.196525408085
27.496,-123.116621619549,281.969893611377
27.4965,-152.24332459609,265.106429327514
27.497,-193.688221063107,230.268786469656
27.4975,-264.189392574376,178.306267554169
27.498,-352.257785180317,108.120134360231
27.4985,-429.743672036985,25.2270812764227
27.499,-482.090226822904,-57.9404272791832
27.4995,-509.535573007167,-139.645725375012
27.5,-509.575265130534,-235.983447220644
27.5005,-476.430412685916,-356.189797410349
27.501,-414.546142610909,-480.514419791631
27.5015,-340.688984702403,-581.350708811289
27.502,-273.634655847905,-660.734970875141
27.5025,-224.75030196071,-746.650172528249
27.503,-189.105501038945,-853.231366893686
27.5035,-140.531002011591,-962.991193464971
27.504,-50.3644247403127,-1048.38728029814
27.5045,77.2522573585621,-1092.55497099487
27.505,204.488987448067,-1087.47168719116
27.5055,310.999608182539,-1031.97518536545
27.506,427.499243495922,-939.428148832498
27.5065,588.803553722314,-833.500960739196
27.507,765.720957886713,-729.550363052424
27.5075,885.55132167605,-628.350617068614
27.508,925.65628369145,-525.502211293948
27.5085,946.759069969195,-410.941748458388
27.509,1016.08682327359,-262.21569098228
27.5095,1130.32514303206,-64.0767451168456
27.51,1233.94609219086,158.073054362653
27.5105,1278.65817572276,349.489655264613
27.511,1237.68080589616,485.08759301604
27.5115,1100.2049780916,595.844952098549
27.512,898.162396426807,719.399722429707
27.5125,712.021532032311,845.490602786552
27.513,594.188765772014,934.208628395494
27.5135,498.268306277917,970.655604709779
27.514,339.665340143838,969.777560200177
27.5145,118.370185772071,936.135108198818
27.515,-84.5729148174721,856.770688520292
27.5155,-236.714404709363,740.413992906088
27.516,-400.27578363463,629.487614446976
27.5165,-614.271434495222,551.847734111956
27.517,-804.487678975378,480.187929841589
27.5175,-875.758047499299,364.019196706312
27.518,-847.054944566349,196.693823354328
27.5185,-820.897459295983,32.3185987538714
27.519,-841.88337267849,-64.4092439479056
27.5195,-860.010440318613,-73.2081177645046
27.52,-829.925381571792,-24.5077266238239
27.5205,-773.357464521902,32.6795863022931
27.521,-725.325126221072,60.4790971339317
27.5215,-678.979501836765,42.4848329912185
27.522,-616.748968728195,-14.3206327375888
27.5225,-554.73176165066,-80.9233896879788
27.523,-519.412052203788,-122.641382501668
27.5235,-504.13912154728,-128.945436865419
27.524,-479.945891573197,-124.810655657954
27.5245,-435.698500353487,-142.083038146529
27.525,-384.164385783107,-184.184754951071
27.5255,-339.918001372317,-234.093033669461
27.526,-311.074736299671,-291.177345252403
27.5265,-302.07309017318,-371.064580743059
27.527,-304.635720574175,-460.706386977797
27.5275,-293.332490309303,-507.000172874193
27.528,-249.748173284965,-478.41268924292
27.5285,-189.130862897224,-416.216364386448
27.529,-147.24003371077,-387.457916370898
27.5295,-139.401173639064,-396.447381299461
27.53,-143.55961709285,-383.140670624212
27.5305,-125.420006886517,-310.978360834051
27.531,-71.3922536167873,-214.788231663266
27.5315,6.72264521804101,-146.757049994006
27.532,92.6731161172071,-111.543406680177
27.5325,182.488778201625,-80.1856899030201
27.533,277.56298699556,-40.3896081973385
27.5335,367.736550148726,-1.06861066521281
27.534,433.329662632715,36.908831470912
27.5345,467.502573901865,82.7499604119248
27.535,485.643015170327,134.964471835509
27.5355,504.542470252085,184.396433749793
27.536,521.907393139992,233.894924682837
27.5365,526.485394660376,291.578081077711
27.537,517.642796610384,347.131516911222
27.5375,500.160799463224,377.694552536383
27.538,468.369951840942,377.664764375641
27.5385,412.457776849674,362.056719531996
27.539,333.337951776395,339.356606076558
27.5395,233.686745019318,301.818133627486
27.54,104.591584138608,246.302963184238
27.5405,-52.0151082751296,185.451950229587
27.541,-190.748522220931,132.112129481571
27.5415,-243.024779149975,88.2116889330513
27.542,-179.542103423785,53.2488403139259
27.5425,-35.331691817851,27.8235408298164
27.543,129.065420447709,4.42980898814701
27.5435,271.99507087372,-28.5195636634583
27.544,378.973024499885,-67.6551984244636
27.5445,455.436645862818,-95.3614988367549
27.545,518.4671822451,-104.681192983881
27.5455,573.932522849034,-106.669615697962
27.546,599.648324874568,-108.296462637056
27.5465,575.122680371302,-104.450304777767
27.547,523.437856245903,-100.48580449641
27.5475,484.737178632412,-116.645529595417
27.548,443.947870540953,-150.723809761945
27.5485,332.547370096541,-158.856583617726
27.549,122.678337821628,-102.625700329513
27.5495,-123.395177999727,-4.85861078214444
27.55,-325.382211729442,69.3822986365011
27.5505,-467.200536722289,83.7640219091639
27.551,-575.620514103468,58.0701802351127
27.5515,-658.296001363998,27.0402821748208
27.552,-708.506308902646,-0.728505095264463
27.5525,-739.885367122448,-36.5452440187936
27.553,-764.578990951458,-87.3770822392786
27.5535,-757.031506852536,-149.509703079496
27.554,-689.175334817778,-211.725851524782
27.5545,-584.124303243716,-256.155529277743
27.555,-482.620919252514,-269.558017816393
27.5555,-371.929929512241,-261.982543339452
27.556,-209.954517403,-260.592934064396
27.5565,-15.8111810292755,-275.330792027169
27.557,129.826584595923,-283.663197785399
27.5575,187.206958229381,-260.471807688332
27.558,202.944404909414,-209.909244957062
27.5585,236.010362490371,-152.768667725212
27.559,292.372945027206,-94.0760740216321
27.5595,354.631070493359,-24.0320170152472
27.56,421.115042387173,54.1034067056621
27.5605,481.073872319319,120.573634484129
27.561,496.950205184333,167.142593188795
27.5615,450.841054220693,207.750370309433
27.562,371.751611208279,251.580200316013
27.5625,278.890062270003,283.111392673491
27.563,137.337137952249,284.750421568286
27.5635,-79.0193382523167,267.53057169146
27.564,-309.289658086083,259.21297534084
27.5645,-451.010455290202,265.394174681613
27.565,-477.517028048319,262.525468358457
27.5655,-459.819176608797,232.760552641945
27.566,-470.831378695831,187.250000279888
27.5665,-512.935259114363,146.121375739438
27.567,-546.972970930076,111.788712855578
27.5675,-548.773439909294,76.7176066903407
27.568,-515.562129150718,45.1023501451984
27.5685,-445.165385438897,26.5334945337017
27.569,-334.571294708646,13.4645131747376
27.5695,-189.715335633429,-12.4579229844271
27.57,-23.0471159092337,-48.962349184641
27.5705,153.510949235013,-69.109353077471
27.571,327.520062696156,-57.3142247060547
27.5715,482.853572561503,-30.7431703434908
27.572,600.173879647404,-10.2854689017198
27.5725,661.1339984015,15.3188857172858
27.573,661.903171941266,75.9263748573376
27.5735,628.395680054084,175.396502330758
27.574,602.298984405916,279.494992638185
27.5745,596.150137932999,351.119194614178
27.575,575.15362266361,385.066699849834
27.5755,502.126801003799,403.607004372293
27.576,386.192412801805,425.311549043524
27.5765,262.245162994328,441.776511711562
27.577,137.473991675598,421.777130682425
27.5775,-3.60841608469658,339.097458059541
27.578,-144.514433808281,199.513449717954
27.5785,-231.74702642711,36.9587214705122
27.579,-240.861904694781,-119.966949443465
27.5795,-215.596767629479,-269.370017037097
27.58,-219.65952640312,-417.172721265236
27.5805,-271.024673682287,-549.249272311443
27.581,-342.678428500659,-640.189780828096
27.5815,-407.572686223778,-685.881010171909
27.582,-458.191692652737,-709.024843991856
27.5825,-493.040701913672,-730.525041798287
27.583,-507.482773620458,-750.047346561397
27.5835,-496.899806251964,-755.658781399996
27.584,-457.007674675161,-735.946078630732
27.5845,-386.497698047211,-679.214071123436
27.585,-299.079072845076,-578.846722236746
27.5855,-223.472794949676,-448.841927021699
27.586,-178.182679712751,-321.364464065301
27.5865,-152.624888361262,-220.283652916673
27.587,-124.180740333456,-146.062592733391
27.5875,-85.9453381489269,-88.958627674575
27.588,-45.968063840257,-40.9474717961202
27.5885,-8.57694657528465,11.2580085448407
27.589,28.1169569578674,85.057984442462
27.5895,62.8547943172144,180.081437237248
27.59,94.8750808861841,272.797669590783
27.5905,130.546402720566,347.129991403236
27.591,168.919413860161,414.818858065542
27.5915,186.169327580907,488.246883250534
27.592,156.740576228445,549.829212542315
27.5925,91.6200315743139,574.050614060745
27.593,34.834154948243,570.177312351959
27.5935,16.301049422368,573.795118194173
27.594,27.0741924060364,596.316787741377
27.5945,48.8249154528327,609.404640282962
27.595,86.5177477008596,584.290913083007
27.5955,154.552563355112,523.300189723091
27.596,244.325497588086,444.923819164057
27.5965,326.617134525299,359.585265089888
27.597,381.987140271643,272.268426557598
27.5975,411.68767058122,191.273448927369
27.598,420.389227340208,119.473714914295
27.5985,406.244348194688,49.4471958716871
27.599,373.682223351368,-18.7019901230774
27.5995,343.706165722337,-65.7095972300323
27.6,341.821356989684,-75.4209199865972
27.6005,375.857563667726,-61.9171207310105
27.601,423.590078688531,-57.9335796681439
27.6015,438.658563521856,-78.1013935503676
27.602,378.395073094133,-108.009875741185
27.6025,243.202592538941,-130.334425825187
27.603,88.3900854491502,-147.959297243909
27.6035,-20.7763671385327,-175.871662935578
27.604,-70.8668273982041,-220.167804454099
27.6045,-102.088730609316,-273.064016028429
27.605,-146.561917493254,-323.416311282368
27.6055,-191.32112762824,-363.737589701503
27.606,-217.765741119426,-388.04017517633
27.6065,-248.310809677475,-391.534012507396
27.607,-316.84024002317,-377.645690158842
27.6075,-403.785320222836,-361.580749345805
27.608,-442.154335948572,-359.376367811878
27.6085,-396.014858279628,-370.177071013017
27.609,-301.434112595414,-372.037793552516
27.6095,-217.729369418151,-338.799393928709
27.61,-166.625486576699,-262.424312246252
27.6105,-135.67911088256,-160.095440740768
27.611,-113.362693232703,-61.0849865665305
27.6115,-93.5417527148084,15.282523911183
27.612,-63.0994428722934,72.8598991660121
27.6125,-14.864652047796,128.64788934854
27.613,34.320109311948,184.308116481477
27.6135,61.8893702770671,211.726545165379
27.614,68.84050146118,180.79111948085
27.6145,67.7948095454024,104.903436598115
27.615,50.2510746964499,43.316625225905
27.6155,-3.91991306703931,46.333899687692
27.616,-83.5836768016361,107.57331971418
27.6165,-143.34128931846,181.427253703065
27.617,-154.369970476987,236.353940441252
27.6175,-136.865815341683,274.481929398139
27.618,-130.882246201278,308.028089292619
27.6185,-152.460114027548,339.833611051052
27.619,-188.444886180475,367.33711381125
27.6195,-216.779166484194,384.453037609823
27.62,-219.329333661076,374.593872969349
27.6205,-190.553668283783,320.624756241862
27.621,-148.091283476568,230.396821292156
27.6215,-121.630720387185,138.211273285312
27.622,-116.411625478928,72.3171157546166
27.6225,-100.44788300962,31.8790235223404
27.623,-45.5610863842204,1.50688668647673
27.6235,29.8978620484929,-25.660202700945
27.624,81.0802757375595,-48.4234935944721
27.6245,93.6800582152287,-68.1953565046835
27.625,97.09589433473,-87.074466570647
27.6255,119.459255048007,-102.676816001652
27.626,153.016260031854,-113.687965408327
27.6265,172.943433206465,-123.495248044251
27.627,170.539696820155,-131.826770162727
27.6275,152.532218062174,-132.453737768174
27.628,121.366512878427,-127.66401582857
27.6285,75.9761116628734,-135.849248236275
27.629,27.0296427152645,-174.781577806849
27.6295,-7.99496426306249,-243.497070467314
27.63,-26.8557979188892,-326.765259088011
27.6305,-43.3165757521791,-407.349315418996
27.631,-60.9337372957901,-465.897761082146
27.6315,-62.7448433222291,-481.618385144678
27.632,-38.3924120563511,-448.015699580773
27.6325,-6.90690904518784,-382.275552620457
27.633,6.1944350360709,-308.089774483497
27.6335,5.93080798451638,-235.366330713331
27.634,18.2858835443444,-165.70579637107
27.6345,44.1799171894004,-106.697299965461
27.635,49.6320769461588,-65.2236721869203
27.6355,12.7154204891319,-33.1468464206883
27.636,-41.6550702203793,4.92925290858851
27.6365,-70.6830147886479,53.5926346531167
27.637,-60.4328318812049,109.080683383421
27.6375,-24.3711634409929,172.914800173286
27.638,28.7000494530621,246.233893700434
27.6385,97.8435114537457,314.614811234514
27.639,168.513537261687,357.219696668286
27.6395,217.748378977413,371.938124167091
27.64,243.927203246772,376.329578518543
27.6405,267.516704693765,383.902981578586
27.641,297.247462892623,395.873628580268
27.6415,317.165680216684,417.05716960115
27.642,313.557760095023,459.991778267029
27.6425,294.038013459568,524.568125158466
27.643,271.723183961664,587.353859743366
27.6435,249.005283321459,621.02637514102
27.644,224.019392118601,616.439481323457
27.6445,193.067487172362,579.830575686771
27.645,139.938813436433,517.773819579848
27.6455,49.2966853695683,432.793634815505
27.646,-54.5003396029322,327.585230543151
27.6465,-109.234748631003,206.305824165431
27.647,-81.7339965491591,74.620857580971
27.6475,-15.7752973952814,-57.5998749944991
27.648,13.9971299964278,-176.605583366889
27.6485,-15.0261442154211,-271.066495806435
27.649,-62.1697458153779,-338.022300327225
27.6495,-85.0066723506049,-384.223438479225
27.65,-81.6912107770537,-422.924694626726
27.6505,-73.3422875954721,-464.425458672236
27.651,-74.033932869641,-506.096330409406
27.6515,-87.6169695832231,-538.500299377088
27.652,-115.167751559128,-566.155133049336
27.6525,-155.054871551074,-610.463564794375
27.653,-204.023194746624,-679.817284825529
27.6535,-260.081187123127,-746.890124427417
27.654,-316.523608255988,-772.498195475968
27.6545,-357.98147458586,-745.562563218261
27.655,-375.38231762024,-682.539214512408
27.6555,-379.876182467035,-596.108728035349
27.656,-386.726803703882,-488.78031966005
27.6565,-390.735882070398,-372.988919232051
27.657,-375.389292581947,-267.52013727037
27.6575,-340.888006202953,-169.574074268253
27.658,-301.559468170629,-59.010642002235
27.6585,-259.216730308832,60.6321391626583
27.659,-204.440527455588,153.848277206134
27.6595,-144.177321526333,200.503725651599
27.66,-99.3640528602601,225.309032380589
27.6605,-68.5425352157619,260.974030666205
27.661,-21.8158771099577,305.519901623913
27.6615,56.3888274205688,339.44040417215
27.662,142.435259584782,364.223573690476
27.6625,205.654134348236,394.189082221073
27.663,243.189546937956,423.279884623856
27.6635,265.712903533757,431.430653268869
27.664,269.414357173636,419.398104787064
27.6645,245.867141223907,409.241034123768
27.665,207.962005170708,409.942440442507
27.6655,183.59000734195,406.216187585091
27.666,186.905682400881,383.230609254908
27.6665,209.086407473144,341.928038708278
27.667,232.128914101583,288.440065631455
27.6675,242.57332501228,228.595076520424
27.668,240.877130091236,175.82227746697
27.6685,245.997531726302,145.076210493458
27.669,277.974529153145,133.768654473576
27.6695,325.499531205073,124.531369867217
27.67,346.202686540093,109.484194615218
27.6705,314.131881663432,94.5496103690193
27.671,253.510887808287,77.4614173614524
27.6715,209.587307271624,42.7876193823708
27.672,198.578350354581,-12.587756413572
27.6725,200.950977180128,-66.9417409512535
27.673,187.128125613223,-97.047388706417
27.6735,130.769045116634,-99.7024217824026
27.674,17.2710510916887,-82.1227245796693
27.6745,-130.040340824094,-48.83082714651
27.675,-245.064313393154,-11.3706724877435
27.6755,-276.063970871354,5.25786405771156
27.676,-245.614611129763,-14.6212790742909
27.6765,-222.346177185413,-55.3347568272851
27.677,-234.099474078924,-86.099910852391
27.6775,-243.331317755089,-94.0245013980837
27.678,-213.639930051664,-88.3409175590009
27.6785,-164.43836925985,-79.5810904063741
27.679,-142.42386889583,-71.6997453864771
27.6795,-165.072546991219,-71.8079971043266
27.68,-211.329779875597,-89.6688230179848
27.6805,-249.061389878752,-123.757861943489
27.681,-254.745199545456,-160.029899797681
27.6815,-223.180171916627,-188.272275295804
27.682,-176.283114588598,-210.465857845363
27.6825,-150.416264399027,-230.869306824917
27.683,-158.830958350831,-247.936992519472
27.6835,-175.838767228279,-260.151445653831
27.684,-170.809847273342,-271.278553396807
27.6845,-146.663181757755,-284.422859835437
27.685,-129.830043779918,-296.550322336008
27.6855,-130.939421778524,-302.511428841475
27.686,-131.081724259185,-298.076720521837
27.6865,-102.4663649373,-274.953907736431
27.687,-30.8716172497881,-221.099266540269
27.6875,76.4857784605091,-135.724535302688
27.688,191.888172665722,-41.2852588167064
27.6885,278.40922329596,29.8076623894826
27.689,313.060644293708,64.3984089236579
27.6895,302.693388247154,80.3216224773382
27.69,274.744160177568,106.043939206764
27.6905,254.564630620345,151.301979694018
27.691,251.860725791565,201.03740488607
27.6915,259.806247730947,236.549873264153
27.692,260.510753162386,257.144955266917
27.6925,236.579049321421,277.038019845807
27.693,183.022843887669,302.28110102189
27.6935,106.524715245281,316.394458495769
27.694,16.7111700636347,294.027765448366
27.6945,-71.7202479535227,229.553675516826
27.695,-132.205700387934,148.931496563627
27.6955,-141.444249382935,90.3061082846502
27.696,-107.471040957188,72.6284867322768
27.6965,-66.2838512461356,83.9306961540872
27.697,-43.15214919875,98.5343158195087
27.6975,-32.5519726690034,101.815302383144
27.698,-21.2730600565325,96.8863365568857
27.6985,-8.93090849302884,92.2014115743404
27.699,5.72140627433939,90.7484163772095
27.6995,33.6518643397662,93.6407351354161
27.7,70.1659048558415,106.485907833543
27.7005,81.8166678331767,131.755159870057
27.701,44.7845882902103,153.884165246026
27.7015,-18.3139369362968,142.571838385305
27.702,-65.7545864894255,81.7305942030718
27.7025,-87.5930684886854,-5.25373275135324
27.703,-101.574617170829,-68.4631201454836
27.7035,-111.11564118091,-75.6111332866851
27.704,-101.633444793178,-40.502382928508
27.7045,-73.1338559898973,-4.02685960156974
27.705,-41.0024623895045,8.49837194310473
27.7055,-3.93594204442171,3.87691183627039
27.706,53.8902878313066,-1.24570753980932
27.7065,123.426105926956,-5.19662699383629
27.707,168.11803709715,-17.1088558950847
27.7075,171.735279730633,-38.2157937890888
27.708,157.553518130707,-60.3334720350789
27.7085,145.853083687038,-80.7708901079557
27.709,122.319502137392,-106.595221690883
27.7095,67.9828541189666,-141.445416545263
27.71,-4.78390198439847,-177.313678580798
27.7105,-68.3524678785507,-203.707876611354
27.711,-113.13364409613,-218.298052340112
27.7115,-145.463854947585,-224.778476501691
27.712,-169.832704288767,-226.9170122541
27.7125,-191.65458212257,-229.395374053241
27.713,-220.161564162099,-238.368336345179
27.7135,-249.623698916822,-255.412143287003
27.714,-255.366689911521,-275.076289245101
27.7145,-228.09272118035,-292.045743624484
27.715,-192.906215967568,-304.320436314205
27.7155,-171.337141789727,-305.037395014761
27.716,-144.69393606959,-281.238639785539
27.7165,-84.1637937468244,-231.861290962351
27.717,0.162777743180073,-180.883543835323
27.7175,74.3591263804217,-158.641768874767
27.718,131.325007618133,-169.298607291587
27.7185,187.9096139741,-185.551025461893
27.719,239.644434826187,-174.489901833281
27.7195,262.641992929473,-120.387937615856
27.72,263.231889465136,-26.4394582913872
27.7205,280.781112417107,90.2966037312111
27.721,326.196808293301,202.889076734565
27.7215,355.878066407187,288.674243135562
27.722,328.397019907058,348.869457920774
27.7225,256.260708933485,405.817598862604
27.723,177.513658376954,472.684804707274
27.7235,102.818056824267,532.477449221099
27.724,19.2987198712808,555.506102511796
27.7245,-73.0961695443473,533.187784571695
27.725,-160.703985045384,485.761583989919
27.7255,-240.972068911665,437.488946430029
27.726,-319.203115149383,391.122132837709
27.7265,-384.997001999049,328.917736482399
27.727,-417.717496747562,236.622072402444
27.7275,-416.132363404156,125.222509987705
27.728,-401.953723438059,27.5068371463125
27.7285,-390.947617276384,-29.3224147879045
27.729,-376.142928835277,-46.3373506131892
27.7295,-342.202385226337,-45.1409018449128
27.73,-283.708080534008,-41.4589193270247
27.7305,-207.22939674987,-35.1095998048989
27.731,-125.860700596586,-24.6198688075001
27.7315,-53.2114706820616,-18.4819175091253
27.732,5.72563519763157,-25.7434181728298
27.7325,58.8525945657726,-44.6227440027702
27.733,117.275279234362,-67.5324196943573
27.7335,184.097822997479,-90.2219998947968
27.734,256.310701796311,-109.732001640413
27.7345,328.58559477184,-121.991867644956
27.735,386.708249499753,-130.493094118771
27.7355,408.31746139978,-149.444779963373
27.736,384.979156248646,-186.078049311802
27.7365,336.071716552889,-224.04728303716
27.737,284.381702624045,-236.703389900291
27.7375,224.012946202717,-215.17554906429
27.738,132.826130798512,-172.402588747932
27.7385,16.5153755439132,-121.992765245203
27.739,-80.1149529160183,-67.70406274835
27.7395,-113.599865323504,-15.4454358067591
27.74,-82.439721590303,20.716576734166
27.7405,-22.8105601445276,34.447632512563
27.741,28.0033686552856,39.1123592898933
27.7415,62.0283934537042,51.9141828898979
27.742,101.203070435213,69.8169058883204
27.7425,166.714429385396,71.9875966730045
27.743,243.732124844354,46.9810359944945
27.7435,286.799173036842,9.34455449799314
27.744,272.130478853808,-15.0068550089235
27.7445,232.898465720341,-16.0237572011042
27.745,222.598738356157,-7.04123712732518
27.7455,250.102264405897,-5.07860745635603
27.746,271.972847472503,-8.63167228227094
27.7465,242.271902304591,-0.272784661791903
27.747,145.217474058521,29.2907283393465
27.7475,-12.980668370819,66.3604677801509
27.748,-206.933069402008,87.3325211065715
27.7485,-381.808622113399,81.9336919314414
27.749,-478.842947962665,57.74238071109
27.7495,-489.59228752134,25.5789031150767
27.75,-458.685527102462,-10.2055546309892
27.7505,-420.204799839109,-46.0273440637087
27.751,-363.539261679179,-72.9409879191032
27.7515,-280.411320651421,-82.8555170409169
27.752,-207.511345278017,-78.5240260807432
27.7525,-185.250649957916,-73.1764248967443
27.753,-196.843915002809,-79.6745635732806
27.7535,-186.886743414173,-99.3931097718264
27.754,-128.128873598399,-119.64896494156
27.7545,-35.7821447950289,-123.532998412507
27.755,72.5488738526164,-107.139736568161
27.7555,191.339020033339,-87.3643697579749
27.756,302.712881069287,-87.2025339416142
27.7565,374.359848407985,-111.44860350817
27.757,390.616624841502,-141.367909222722
27.7575,361.441342966258,-154.232800043026
27.758,297.521201671762,-141.618005884856
27.7585,201.979605401243,-106.828555759529
27.759,90.8301036540361,-55.3997124645646
27.7595,-6.05229059131573,1.44295657253753
27.76,-77.2493854285151,39.9770242508231
27.7605,-145.664105398226,35.9322796307138
27.761,-241.245436772641,-11.4784573106998
27.7615,-366.957900876571,-74.2478173662634
27.762,-492.554707205492,-118.472285292205
27.7625,-570.707737745721,-129.103128679273
27.763,-565.600357641831,-111.911382933034
27.7635,-486.166826949997,-79.8131334533678
27.764,-388.743589920189,-43.7711223885581
27.7645,-325.608176834346,-11.3036817514618
27.765,-293.514934165622,16.5846140977683
27.7655,-254.780216726094,48.6163133975643
27.766,-199.021162285818,96.7301490787329
27.7665,-146.550270253379,162.838464909951
27.767,-92.664308480329,235.024815938087
27.7675,1.44702021899659,298.425194884771
27.768,142.525573198547,345.755014038045
27.7685,272.866187550377,374.245986800258
27.769,336.559743572517,377.543267595836
27.7695,347.858763001977,349.46741410034
27.77,358.556602241688,297.458389590731
27.7705,381.203123020342,244.555639718794
27.771,386.047559579919,210.147868697773
27.7715,363.057007674583,189.742236357606
27.772,345.110031943401,161.287238571443
27.7725,364.30113176593,114.601868174374
27.773,412.606005373728,68.0726168173428
27.7735,452.070882003403,48.8134012368578
27.774,446.40699874611,59.1917769522066
27.7745,382.679855477664,72.6757869427597
27.775,280.688585192598,64.2023042640258
27.7755,182.77820699067,34.5950220857103
27.776,119.212750756507,0.107795660771229
27.7765,82.7188152567161,-30.8017263293338
27.777,47.9822732786855,-58.5497171890954
27.7775,9.78731900674943,-78.4982904045127
27.778,-14.6335672031925,-83.8100877466501
27.7785,-15.238407340377,-82.5987494186846
27.779,-0.599129449385542,-95.2864970786908
27.7795,18.9403484318362,-128.954561663389
27.78,39.7531977055372,-168.28702688504
27.7805,55.5215756035904,-199.42132115071
27.781,58.2901593825937,-228.076903546788
27.7815,52.4090777362775,-261.451524034276
27.782,50.2523847892745,-284.540832758558
27.7825,48.7804378283209,-272.519158512463
27.783,25.5754469370576,-222.085369289665
27.7835,-34.1052362944473,-155.103731374465
27.784,-116.209988299737,-94.0105744266222
27.7845,-189.21896998355,-48.2508476218826
27.785,-230.312965336852,-22.1765450840501
27.7855,-240.525345028092,-18.1750925881955
27.786,-242.792941072993,-28.1784452096278
27.7865,-263.822469234074,-35.929215865584
27.787,-307.523293440312,-32.6077821231089
27.7875,-347.267992876519,-21.1163959145341
27.788,-354.200996463724,-5.31760464292641
27.7885,-329.9986917587,11.9319709504354
27.789,-300.072624542941,20.3004062027611
27.7895,-279.774001563252,8.59933461678547
27.79,-263.999503892152,-16.1009839489492
27.7905,-247.126985079285,-32.5824080222046
27.791,-232.729872376609,-34.3897061460016
27.7915,-220.425551320066,-37.1514363823444
27.792,-200.918838259127,-48.8162451252099
27.7925,-169.175382239146,-51.4833579378551
27.793,-128.105222155187,-26.7584131263525
27.7935,-76.7109698853323,16.6401577492751
27.794,-10.737347444711,57.1514555162803
27.7945,62.0468824444139,89.2974348867409
27.795,124.653234471278,120.073614555324
27.7955,172.722693000337,146.685789460991
27.796,215.259661845555,158.270907384474
27.7965,249.738570089517,154.493986193799
27.797,258.960458681557,143.577666773474
27.7975,241.83906015499,125.035722583695
27.798,224.397508904566,92.5140401935783
27.7985,224.72357528472,52.4934597653714
27.799,225.618978475829,22.3667509763305
27.7995,199.557968503306,7.99439866338261
27.8,145.744842478589,-2.48850694656065
27.8005,84.8714010950772,-21.0264713602431
27.801,31.1413150663545,-48.4378424111387
27.8015,-11.110645889585,-80.7074508018834
27.802,-35.4553459322735,-112.8551824178
27.8025,-40.8205921812178,-135.90282399223
27.803,-43.723312123259,-143.591542414054
27.8035,-60.5879369057952,-143.581422215418
27.804,-80.4394443552925,-149.058318496977
27.8045,-75.2530286559831,-157.880731258328
27.805,-37.2260476527347,-153.119763705711
27.8055,11.931161796877,-125.843638290676
27.806,48.9533006078118,-84.2207070361798
27.8065,68.6058897089048,-38.7779266598149
27.807,73.05440276829,6.73871929966571
27.8075,58.7886364362575,47.3920378315408
27.808,21.2539463267346,75.8380044970657
27.8085,-37.3105103051027,94.3302272220358
27.809,-107.437830941685,113.39539637176
27.8095,-170.528684487139,132.364892245015
27.81,-199.242387284096,135.421550520114
27.8105,-176.88094432541,114.969508084326
27.811,-122.292975961174,86.3939665225367
27.8115,-80.4077896746655,71.0111572662509
27.812,-76.9172408524732,74.9775195779623
27.8125,-91.5502453028252,92.098214902788
27.813,-86.6836866411987,115.090080185654
27.8135,-54.2029404170322,134.488120939974
27.814,-19.9854236721455,137.560141232148
27.8145,-5.23591776624327,120.005124857347
27.815,-0.195561465869272,91.9599615745112
27.8155,17.7198629634282,64.4188043558893
27.816,53.4035963927834,38.0668386184332
27.8165,96.3631836922287,13.2122415966989
27.817,147.907496360354,0.0394982999769797
27.8175,225.641334370158,7.38338490418069
27.818,332.433888370217,28.6210268859012
27.8185,435.799584776614,49.3848972482489
27.819,493.768184409456,62.9661974212394
27.8195,494.655110749243,68.6072734958436
27.82,457.657264026183,62.2887614942268
27.8205,402.700359633177,41.0569220245293
27.821,339.647328050838,10.7995403477567
27.8215,281.560670521695,-22.0445974508964
27.822,241.634231404916,-61.7401337107938
27.8225,214.010599897741,-114.124360084604
27.823,183.691740690401,-169.86396823553
27.8235,158.998055758381,-209.673720150973
27.824,159.86516308715,-225.282591693665
27.8245,161.734081520047,-223.736633568065
27.825,94.7287423212805,-211.055288439866
27.8255,-65.3506419737116,-183.758440488903
27.826,-237.102757086565,-140.236239789311
27.8265,-312.975554752657,-91.0032153254085
27.827,-283.917624764731,-50.9293361126997
27.8275,-237.459583478448,-24.8054600718095
27.828,-240.831783868339,-5.44427110446385
27.8285,-280.691416447012,14.3158617432666
27.829,-322.120798940697,31.0365977539479
27.8295,-365.873253790277,35.4284433290284
27.83,-419.571809739305,28.1780519539405
27.8305,-461.433872122838,25.1515908891287
27.831,-473.194986264587,39.7271993747641
27.8315,-476.012099654755,62.9167503760936
27.832,-490.735479516434,70.696752307304
27.8325,-485.295321604454,50.7635778707364
27.833,-408.275272171944,12.4344017483944
27.8335,-267.01788786739,-28.210311856045
27.834,-131.591303812941,-58.4943445665338
27.8345,-60.9478665152597,-63.8180568254712
27.835,-57.7575687943545,-32.3359715214518
27.8355,-94.3466645868977,24.7385916215948
27.836,-145.666305856781,73.2476071317738
27.8365,-188.86087024838,89.9324675451251
27.837,-205.277371424839,85.4361378734671
27.8375,-201.053543687855,83.0466903624486
27.838,-203.44234949448,87.7532867101134
27.8385,-222.925746213487,89.765950849742
27.839,-239.572921606717,85.5725821717738
27.8395,-238.455525071069,78.6294678842277
27.84,-232.731273325413,69.8010508458976
27.8405,-231.59588909985,65.381516570008
27.841,-209.212501203672,85.8297833373561
27.8415,-135.67128767818,146.242741107174
27.842,-25.9797755916829,231.884836513546
27.8425,73.4390728212499,308.993457979938
27.843,143.074781997218,354.314640657345
27.8435,205.350659838622,360.215697588773
27.844,280.60864996617,323.834497774058
27.8445,359.702941006704,254.75418360313
27.845,431.14067200737,183.233004617317
27.8455,507.136607392804,130.472318920344
27.846,602.046374687315,73.566362321973
27.8465,703.218072078147,-28.1611947370187
27.847,785.452778121571,-169.050023695719
27.8475,842.314570666422,-292.164539600096
27.848,880.337070253743,-358.388882014745
27.8485,890.527176498879,-389.427202557193
27.849,852.13744876677,-425.851563687999
27.8495,765.712842834572,-471.281032487643
27.85,659.577181085856,-502.725862000218
27.8505,558.546444162257,-514.825905445363
27.851,465.521330891246,-523.19447008131
27.8515,378.147219952766,-531.902892496929
27.852,299.474106910655,-523.993851969915
27.8525,219.757088413415,-484.835801425186
27.853,111.713294647675,-417.644002800693
27.8535,-32.1510568155524,-335.24465976573
27.854,-171.491475957839,-248.956283611131
27.8545,-255.629680260933,-165.093294140259
27.855,-287.211402184855,-82.6257980295854
27.8555,-323.793408845582,3.98753800770391
27.856,-410.335137953889,91.8877330534166
27.8565,-528.709347091611,164.081156136315
27.857,-622.603077617249,205.26574163515
27.8575,-657.757592127017,218.770677775159
27.858,-646.146173821198,219.256283816948
27.8585,-620.009353059995,215.111338850572
27.859,-595.885267811448,209.911211219482
27.8595,-564.885569828399,216.308616950102
27.86,-511.344606311252,252.607035320684
27.8605,-436.529879982211,321.727567458673
27.861,-361.316520821367,401.823556759289
27.8615,-304.633665997464,460.670944798142
27.862,-264.458868009207,476.482850346367
27.8625,-225.753753742223,448.677646091054
27.863,-182.623620515848,396.393492416176
27.8635,-143.686581411514,345.062463609058
27.864,-117.931669279711,306.202178058256
27.8645,-105.720761887718,269.086346148419
27.865,-103.859243184469,216.715502628491
27.8655,-109.143924546302,148.499183075165
27.866,-114.711496339048,81.6440052525637
27.8665,-111.892514218478,31.3103020069759
27.867,-98.66436750243,-4.89259713199797
27.8675,-79.4843253023294,-42.3878002670239
27.868,-55.9002365733025,-92.4966073767262
27.8685,-24.9381109686449,-147.857153874475
27.869,13.1749718216384,-182.753480501259
27.8695,54.6175193268447,-173.385026485755
27.87,99.477018925836,-123.794763300139
27.8705,150.140434526888,-67.9479417461141
27.871,202.398633762268,-39.3260453589584
27.8715,248.575827438187,-40.4002232544086
27.872,288.045611365666,-47.3337855853486
27.8725,321.041088905464,-40.9283083566424
27.873,333.475212904746,-24.738264616724
27.8735,307.278989444331,-14.0593862944581
27.874,250.544759738194,-16.3452108556476
27.8745,198.121995793828,-26.1885464245101
27.875,173.360828170919,-34.9033600759089
27.8755,166.574690448211,-40.2296301588336
27.876,160.707071305763,-45.4126660397084
27.8765,157.863629909774,-49.961521949308
27.877,164.661109018236,-46.0590721244599
27.8775,170.253347531153,-29.6105569527703
27.878,161.371798361819,-12.0640462817668
27.8785,146.977792666082,-11.2688999910875
27.879,144.587492335837,-28.8116067472896
27.8795,149.720045425237,-46.9577257722037
27.88,142.263595633483,-52.5979094033785
27.8805,118.990582492981,-53.0695421961959
27.881,95.9548748110263,-60.6233051459838
27.8815,78.2350499087765,-72.4908177625578
27.882,49.9393501701656,-78.2639863176558
27.8825,-0.518572777849666,-78.4175996048818
27.883,-63.4626289769799,-80.9820180223279
27.8835,-122.425918555364,-84.7071295710243
27.884,-170.333643149048,-80.7128447635386
27.8845,-205.200303066332,-69.8479364200383
27.885,-223.913558876803,-64.8200479806681
27.8855,-228.587330098518,-73.7681333684989
27.886,-229.189627624444,-92.3545975875919
27.8865,-232.767121667295,-112.328241687277
27.887,-236.53194216949,-127.139622803504
27.8875,-234.396629020404,-129.089593842109
27.888,-222.159622090114,-113.257267856401
27.8885,-194.138760110827,-87.0300702643354
27.889,-144.47646417412,-65.3654357399185
27.8895,-76.3973794533356,-53.8741006679251
27.89,-4.1494542120956,-45.9223637304766
27.8905,55.843162531445,-37.3305642606709
27.891,90.9543438598618,-31.3262534785457
27.8915,93.847055586245,-25.3007770884106
27.892,68.8422969245588,-6.77767050285981
27.8925,33.6592975840045,28.191343055565
27.893,1.31651101320422,62.7208929907921
27.8935,-37.341774798018,76.1379463505077
27.894,-96.4622528305913,67.4325656416539
27.8945,-161.02349558661,51.7501905266878
27.895,-190.206083810854,37.9994399577194
27.8955,-160.447230211916,21.5590065398562
27.896,-87.2222390520573,-0.292289622383631
27.8965,1.49338386324699,-15.9820342978849
27.897,91.9590708592088,-9.3616893011226
27.8975,174.235011232672,20.3295917673576
27.898,228.454301421286,53.3527359056675
27.8985,243.3735133522,67.3962148071568
27.899,235.554162423732,60.1113476565477
27.8995,228.413643517036,50.5891175179234
27.9,219.603794011745,57.7841745866031
27.9005,189.613418677222,82.5480362098312
27.901,139.293290067016,113.751337177969
27.9015,99.2287715108896,144.122883529656
27.902,99.0381551879891,170.65000552259
27.9025,139.115116555808,184.241668952184
27.903,192.542540712576,172.144165585143
27.9035,224.763999219707,131.980384245226
27.904,214.583792099648,74.2011132345276
27.9045,169.721633689289,11.3404047817505
27.905,123.57217227375,-43.9885066836986
27.9055,107.231722230579,-72.1988560708445
27.906,123.04372112434,-56.4941035368734
27.9065,149.341120183847,-7.76339175760118
27.907,164.205676536973,34.823242789763
27.9075,155.80228481991,40.7776230097835
27.908,119.499853328706,18.2556020198887
27.9085,62.0407484131802,-1.66338500408494
27.909,3.51377739992411,-0.918273244887873
27.9095,-44.3148671073141,16.6724088209669
27.91,-100.435807628634,42.863643878781
27.9105,-194.360434006858,73.6246537325874
27.911,-320.234472906761,100.587804652593
27.9115,-432.671919255606,107.902911815077
27.912,-496.795436292192,83.626405169212
27.9125,-522.536828710671,31.1511463512364
27.913,-537.076053013658,-29.7954182337434
27.9135,-543.096340025387,-71.7496516701876
27.914,-524.275760450079,-77.0614003694266
27.9145,-478.160079994968,-55.5912889962046
27.915,-418.73185746892,-39.590972995187
27.9155,-351.83295716544,-50.964491245175
27.916,-273.512506353015,-76.9654323653529
27.9165,-194.734757935766,-87.1425135679854
27.917,-142.343718724072,-69.0192269754451
27.9175,-123.34239712171,-35.4131050418897
27.918,-106.621293564945,-1.86991803520142
27.9185,-57.1639911552224,26.3290364627704
27.919,22.4229379645883,44.2792644336476
27.9195,101.640617313112,41.7713718956824
27.92,165.193731326566,15.1610824195025
27.9205,224.241259290373,-24.5813323664889
27.921,284.19252956719,-61.3981334558493
27.9215,325.1672732152,-85.8330258998053
27.922,328.06903664879,-96.5657529483476
27.9225,305.930421589651,-99.2705642199083
27.923,292.87815936075,-104.748869921587
27.9235,308.017064338767,-117.782386827552
27.924,343.2022037037,-126.568904362014
27.9245,379.860496106671,-114.787439083991
27.925,401.645767055023,-85.4510384191753
27.9255,394.560378620067,-58.4666143345544
27.926,355.233510794013,-41.412136866421
27.9265,303.116325548469,-20.5393869943598
27.927,266.787049506258,10.6536125411038
27.9275,251.006510628987,32.4630743639033
27.928,232.25860372359,24.6903788142284
27.9285,193.181266321169,-1.68614184390333
27.929,143.026403965115,-17.1707262212033
27.9295,93.3589586940921,-10.2608118189798
27.93,34.9769850744989,6.92022114240885
27.9305,-39.7862608884318,23.6678215916615
27.931,-108.01933158567,40.6362812927918
27.9315,-138.393211837551,55.129452178443
27.932,-136.872473550709,57.2921807644945
27.9325,-141.759434153698,47.7446965892267
27.933,-171.379441689463,43.6571439669521
27.9335,-203.404064730935,58.0946771568695
27.934,-213.092088320153,83.0435516385918
27.9345,-206.329512944007,100.539697313451
27.935,-200.975524387238,102.954942861522
27.9355,-197.110362922398,95.2410027157708
27.936,-185.473757621625,83.2302304912289
27.9365,-171.33208458618,67.0378100607772
27.937,-168.635700895181,43.3824555534228
27.9375,-176.746572732485,10.2932620552221
27.938,-181.321045321852,-28.1305955822436
27.9385,-175.880875229593,-60.4727865744823
27.939,-167.040971689622,-76.7605742260411
27.9395,-159.204702970245,-80.8701641304398
27.94,-148.833348584949,-88.3071204063492
27.9405,-136.392038718799,-107.381990590251
27.941,-131.710838159731,-127.06788603615
27.9415,-141.79953952867,-128.445134603984
27.942,-160.20535582579,-105.749774458312
27.9425,-173.347643205532,-71.909948711875
27.943,-174.823777378845,-43.8827788758917
27.9435,-171.989745040692,-24.7834447618501
27.944,-179.40847334899,-0.977900467210236
27.9445,-202.943026846041,42.0279463230272
27.945,-227.464842900143,99.6787107326969
27.9455,-225.950652498446,147.520550826158
27.946,-187.928339593707,164.293681074079
27.9465,-133.893860287186,152.804399922293
27.947,-90.1346615750154,132.392671270951
27.9475,-50.4932793080945,115.282511579017
27.948,22.7508371282354,100.277390667249
27.9485,153.402752040643,86.5971880195458
27.949,316.168998109545,78.5437606296458
27.9495,456.592933498525,72.5409183840508
27.95,542.806030358814,54.2699694497398
27.9505,589.103835284193,18.6240182603939
27.951,628.823479999903,-17.1804879118177
27.9515,673.307907848828,-31.128307983909
27.952,703.987370040465,-20.5453247913624
27.9525,700.634258561208,0.764022359904788
27.953,667.060020134157,21.9942618633567
27.9535,623.634315216475,38.5979327969149
27.954,579.414250611095,40.6291294117105
27.9545,519.341623936744,15.5662003219166
27.955,419.015110184295,-32.067520603255
27.9555,267.692211413424,-76.7092757092397
27.956,79.8554236090898,-97.0448597608272
27.9565,-107.029222408599,-99.1837385620594
27.957,-248.217023335848,-105.584487436998
27.9575,-320.753241151163,-124.528922804674
27.958,-345.181932822156,-142.102240357649
27.9585,-368.289538152117,-146.593155240523
27.959,-415.506481437972,-147.977943737348
27.9595,-469.415050967919,-160.642303945385
27.96,-503.521654230877,-172.783096620351
27.9605,-522.185377086438,-152.437442366309
27.961,-547.242503319211,-90.4449335466916
27.9615,-573.946788325484,-20.4940952153274
27.962,-567.483999003569,17.9808372009954
27.9625,-507.352752045609,23.9734045362079
27.963,-412.1207185568,22.5311079488672
27.9635,-310.769622339516,19.399232233978
27.964,-210.291705407204,-1.69163447621522
27.9645,-106.79503253368,-36.1792318168797
27.965,-11.7110835736016,-48.2180588530597
27.9655,54.58265401859,-19.4390327157304
27.966,88.3662909341195,20.0412881088305
27.9665,103.48384675947,33.8566909438497
27.967,110.025134492628,31.3744575595049
27.9675,107.841871681534,47.6120981975264
27.968,98.0548519842161,85.9877656326733
27.9685,83.5630471206836,116.8096494527
27.969,58.0003886814813,128.502879921305
27.9695,11.8156596720741,142.889741938531
27.97,-46.5428222828096,171.971838267807
27.9705,-90.9493832078345,192.974554814728
27.971,-105.026389767635,182.969112937089
27.9715,-96.0282951261768,152.237095243658
27.972,-76.4247791963234,122.421392916621
27.9725,-47.660049485795,92.0091430261444
27.973,-11.05898519022,49.085668106495
27.9735,22.4488844866029,5.86352633893723
27.974,49.6367908051354,-8.18275868882852
27.9745,89.0990500755668,12.7760645721407
27.975,157.506579074904,39.5138471190432
27.9755,237.780511815559,41.9978275031406
27.976,291.119035677291,18.386725120305
27.9765,298.819268564239,-15.2284397139385
27.977,273.480085897519,-47.2873405989675
27.9775,230.982870632075,-71.706351201038
27.978,175.589055932603,-78.3886939296301
27.9785,117.722851233427,-60.1055366586475
27.979,80.472814307278,-28.5029595345911
27.9795,72.5102042282015,-9.7908653589874
27.98,72.801835185942,-18.5391318424422
27.9805,59.9651197179223,-43.2210043913909
27.981,41.7149162337286,-64.0295813241117
27.9815,34.9021472109114,-77.906917840631
27.982,30.2118061456482,-94.6032525159099
27.9825,4.77637198536842,-110.961210040491
27.983,-34.9560514465514,-105.737229158374
27.9835,-53.3705520139267,-67.8582863496591
27.984,-34.3502279969131,-18.0944778498242
27.9845,-3.54181821570889,9.90997710097484
27.985,9.22850363169709,4.86477947828438
27.9855,6.63773382343139,-16.3398085231546
27.986,6.39316775642082,-32.3445097148155
27.9865,6.64055480300261,-34.3599608206101
27.987,-7.7102496066764,-24.1642187745537
27.9875,-34.4603601340961,-10.835224653078
27.988,-54.2665768110277,-9.06623324212062
27.9885,-59.3530639498171,-25.2793683630615
27.989,-61.6811901899661,-43.5817624902868
27.9895,-71.37674018581,-40.6924907258225
27.99,-85.6446476129354,-17.7252273992599
27.9905,-102.720553999376,-0.804602749387651
27.991,-128.303939383535,-5.21993310962695
27.9915,-159.379238185062,-17.0084354553758
27.992,-176.458109349933,-18.7495008976187
27.9925,-163.205092244245,-14.4819411952174
27.993,-123.201855728072,-14.2141471106026
27.9935,-67.2859875257142,-10.4067633484304
27.994,2.68841084653471,9.44163432280353
27.9945,80.4720985723852,36.620880475442
27.995,134.931888303898,48.8899229110948
27.9955,128.563769848783,40.2416442681112
27.996,63.6999191232913,24.8169626100826
27.9965,-7.40322682095287,14.5254415586704
27.997,-32.2334188911055,11.2550723948286
27.9975,-10.1114446983997,19.1680614534501
27.998,16.0370412893769,43.6222573593955
27.9985,12.9494017001154,74.2979109444353
27.999,-12.6586668354811,88.5120853591587
27.9995,-35.8695492162774,78.862621346701
28,-48.2813924194145,62.5020083546753
28.0005,-60.2028744448507,55.2225898325055
28.001,-76.5011855029075,50.6957387527521
28.0015,-84.4649234429373,35.638865691813
28.002,-68.5259744978786,13.1662698835548
28.0025,-29.871884161573,-2.53157912089633
28.003,12.8764715511554,-7.82262734485698
28.0035,40.1843991165229,-12.8903360624911
28.004,47.1942259072087,-25.5908930390635
28.0045,45.5556898660774,-41.9030067097243
28.005,51.9223965159226,-52.3046124096732
28.0055,73.3047196196513,-51.2623147599275
28.006,102.10275873847,-40.8591222068688
28.0065,125.127572149114,-29.3716630645425
28.007,135.849829608344,-24.8019719614055
28.0075,135.779876276573,-26.421617294038
28.008,126.289779040736,-25.3619204532194
28.0085,105.125476690375,-16.863650706264
28.009,73.0425366305231,-7.8177121860488
28.0095,40.0968727376695,-7.15713170966239
28.01,22.6114048237512,-12.6255267204895
28.0105,34.652369386255,-13.864947489487
28.011,80.2898356051465,-6.74078939938853
28.0115,147.825251333738,2.42169097159193
28.012,210.512113853123,6.66056489366625
28.0125,241.197624413726,5.55218673803315
28.013,233.297304688759,0.893119052572733
28.0135,205.133652504,-8.490973174342
28.014,179.809981934455,-23.1260577021181
28.0145,163.184974638113,-37.0804343923077
28.015,143.14706284241,-40.3771037111292
28.0155,104.538846564933,-27.181216647347
28.016,41.0913113166648,0.524120082025634
28.0165,-39.8173596863385,36.1231882300269
28.017,-117.32914863335,71.4236297587213
28.0175,-169.260653407772,96.4710830940453
28.018,-194.018535804676,102.113632463161
28.0185,-215.193122532402,87.9566798978817
28.019,-253.3850536374,65.4758747423705
28.0195,-298.084643667194,47.1344290319551
28.02,-320.739396204058,32.8166407345624
28.0205,-312.409249029192,14.057377982135
28.021,-292.095130600604,-7.4353832388138
28.0215,-277.521915447156,-15.6851894886837
28.022,-266.108024479788,-1.67505804045205
28.0225,-250.421471444406,19.6479045612343
28.023,-234.76269514049,24.8572744726362
28.0235,-225.738912723223,10.8475212783269
28.024,-219.978013421737,-3.70990989253417
28.0245,-212.72762133155,-4.89164390735235
28.025,-207.220192943294,0.929260133010023
28.0255,-204.070615539279,0.42927452642054
28.026,-193.101938166262,-9.84329757804024
28.0265,-169.411483724112,-25.5403088913185
28.027,-146.92473228816,-42.9289226798477
28.0275,-140.206076708511,-57.2763133680882
28.028,-141.862148334192,-60.8929200954266
28.0285,-135.271175484043,-51.9499750971896
28.029,-121.244738181754,-39.7882347999884
28.0295,-111.290678366635,-32.8879061929011
28.03,-100.361440650046,-26.7478806568817
28.0305,-70.9183990614125,-13.5083433993498
28.031,-24.0769317989743,0.769016584054607
28.0315,17.9103361251724,0.872163474278276
28.032,45.0859914446787,-16.0239705577249
28.0325,73.2226495385931,-35.8989351328804
28.033,116.940466089902,-47.7494622907994
28.0335,171.04031696065,-56.5639508374022
28.034,227.102426370193,-70.4476512332797
28.0345,286.337427728936,-84.1413227573195
28.035,344.94257097848,-84.8276258439033
28.0355,390.804835987833,-70.2990943391063
28.036,430.768099381985,-53.0871327300184
28.0365,496.05234781288,-47.3801045285043
28.037,596.288976901069,-56.28054540238
28.0375,689.302719905196,-68.6399393746504
28.038,727.036333642371,-63.1281030096414
28.0385,715.947460956188,-21.355165129814
28.039,696.917658215336,51.3743520467853
28.0395,676.017974951534,119.681686443886
28.04,618.33090866036,146.572531827767
28.0405,512.889271938887,132.976004922496
28.041,399.15380828188,116.025059569162
28.0415,310.597059892882,120.030769265627
28.042,227.921321383179,123.729490341647
28.0425,116.225818717395,93.0408818910635
28.043,-15.9591104908438,36.3332905672033
28.0435,-127.113949852247,1.74935790993793
28.044,-200.740698868765,16.8090816511315
28.0445,-263.583525909425,54.1352471148293
28.045,-347.276093658667,68.6743117667502
28.0455,-452.74963413678,50.6518778181352
28.046,-553.465839323526,25.9192602431041
28.0465,-618.685691207584,18.5149429891746
28.047,-633.613035812463,33.2138600333524
28.0475,-609.08656558964,65.5152309967675
28.048,-571.133317382964,103.941537563117
28.0485,-532.662344192047,122.441725960648
28.049,-481.257793110655,94.005703883357
28.0495,-405.363966323992,21.154301921556
28.05,-322.659636308475,-60.6647123853867
